1.11,1,-271.73,-843.64,1.15,2.71,1.46,-271.73,-843.64,0.00,-2.74,-0.07 
1.11,2,-544.56,-1009.06,1.98,1.15,1.26,-544.56,-1009.06,0.00,2.48,3.04 
1.22,0,-280.31,-927.16,1.13,8.05,0.43,-280.31,-927.16,0.00,-3.46,5.60 
1.22,1,-272.21,-843.69,1.19,3.14,1.47,-272.21,-843.69,0.00,-2.91,-0.11 
1.22,2,-543.71,-1007.79,2.12,1.18,1.27,-543.71,-1007.79,0.00,3.08,4.00 
1.32,1,-272.49,-843.70,1.24,3.59,1.43,-272.49,-843.70,0.00,-2.90,-0.11 
1.32,2,-543.01,-1006.83,2.35,1.21,1.17,-543.01,-1006.83,0.00,3.45,4.54 
1.53,1,-273.15,-843.76,1.29,4.24,1.49,-273.15,-843.76,0.00,-2.97,-0.14 
1.53,2,-541.87,-1005.32,2.70,1.25,1.11,-541.87,-1005.32,0.00,3.85,5.08 
1.63,0,-282.82,-923.24,1.23,13.53,0.44,-282.82,-923.24,0.00,-4.35,6.93 
1.63,1,-273.40,-843.78,1.35,4.92,1.45,-273.40,-843.78,0.00,-2.92,-0.15 
1.63,2,-541.14,-1004.21,2.99,1.29,1.21,-541.14,-1004.21,0.00,4.15,5.59 
1.94,1,-275.18,-843.80,1.43,5.64,1.39,-275.18,-843.80,0.00,-3.56,-0.13 
1.94,2,-539.54,-1001.92,3.32,1.34,1.22,-539.54,-1001.92,0.00,4.36,5.98 
2.04,0,-285.20,-919.70,1.31,12.33,0.46,-285.20,-919.70,0.00,-4.74,7.39 
2.04,1,-275.87,-843.74,1.55,6.19,1.24,-275.87,-843.74,0.00,-3.79,-0.08 
2.04,2,-538.88,-1000.87,3.63,1.41,1.29,-538.88,-1000.87,0.00,4.52,6.30 
2.16,0,-285.91,-918.67,1.04,9.37,0.50,-285.91,-918.67,0.00,-4.86,7.50 
2.16,1,-276.41,-843.83,1.67,7.19,1.43,-276.41,-843.83,0.00,-3.86,-0.13 
2.16,2,-538.17,-999.73,3.99,1.48,1.31,-538.17,-999.73,0.00,4.65,6.58 
2.36,0,-287.08,-916.97,1.03,9.47,0.51,-287.08,-916.97,0.00,-4.97,7.61 
2.36,1,-277.25,-843.91,1.81,8.45,1.43,-277.25,-843.91,0.00,-3.90,-0.17 
2.36,2,-537.03,-998.05,4.56,1.56,1.22,-537.03,-998.05,0.00,4.77,6.80 
2.69,0,-288.89,-914.26,1.37,11.51,0.46,-288.89,-914.26,0.00,-5.06,7.72 
2.69,1,-278.83,-843.97,1.95,9.94,1.41,-278.83,-843.97,0.00,-4.06,-0.17 
2.69,2,-535.24,-995.31,5.48,1.62,1.19,-535.24,-995.31,0.00,4.89,7.08 
2.79,0,-289.55,-913.36,1.12,9.07,0.50,-289.55,-913.36,0.00,-5.15,7.80 
2.79,1,-279.43,-843.99,2.11,11.69,1.41,-279.43,-843.99,0.00,-4.17,-0.17 
2.79,2,-534.67,-994.38,6.54,1.71,1.20,-534.67,-994.38,0.00,4.94,7.20 
2.79,0,-290.17,-912.45,1.42,11.25,0.45,-290.17,-912.45,0.00,-5.21,7.86 
2.79,1,-279.97,-844.01,2.29,13.67,1.41,-279.97,-844.01,0.00,-4.24,-0.17 
2.79,2,-534.09,-993.42,7.82,1.81,1.21,-534.09,-993.42,0.00,4.98,7.33 
2.90,0,-290.73,-911.66,0.99,9.47,0.55,-290.73,-911.66,0.00,-5.23,7.86 
2.90,1,-280.49,-844.02,2.45,15.93,1.41,-280.49,-844.02,0.00,-4.28,-0.17 
2.90,2,-533.54,-992.50,9.38,1.93,1.19,-533.54,-992.50,0.00,5.01,7.43 
3.13,0,-291.98,-909.85,1.10,9.55,0.53,-291.98,-909.85,0.00,-5.25,7.85 
3.13,1,-281.53,-844.03,3.15,24.14,1.41,-281.53,-844.03,0.00,-4.31,-0.15 
3.13,2,-532.36,-990.54,10.59,2.14,1.28,-532.36,-990.54,0.00,5.01,7.55 
3.23,0,-292.58,-909.06,1.18,7.65,0.55,-292.58,-909.06,0.00,-5.28,7.86 
3.23,1,-281.65,-844.02,4.27,33.40,1.46,-281.65,-844.02,0.00,-4.15,-0.14 
3.23,2,-531.87,-989.61,11.93,2.39,1.28,-531.87,-989.61,0.00,5.01,7.64 
3.43,0,-293.74,-907.50,1.79,7.51,0.53,-293.74,-907.50,0.00,-5.34,7.85 
3.43,1,-282.26,-844.08,3.49,31.73,1.45,-282.26,-844.08,0.00,-4.04,-0.16 
3.43,2,-530.87,-987.99,14.18,2.55,1.21,-530.87,-987.99,0.00,5.01,7.69 
3.54,0,-294.44,-906.57,1.73,9.80,0.49,-294.44,-906.57,0.00,-5.37,7.85 
3.54,1,-282.39,-844.16,3.25,30.45,1.47,-282.39,-844.16,0.00,-3.86,-0.19 
3.54,2,-530.29,-986.98,16.41,2.74,1.22,-530.29,-986.98,0.00,5.00,7.74 
3.88,0,-296.28,-904.05,1.71,9.85,0.54,-296.28,-904.05,0.00,-5.40,7.81 
3.88,1,-283.59,-844.23,3.62,28.79,1.43,-283.59,-844.23,0.00,-3.82,-0.19 
3.88,2,-528.69,-984.27,18.09,3.06,1.24,-528.69,-984.27,0.00,4.97,7.81 
4.09,0,-297.59,-902.31,1.71,10.66,0.60,-297.59,-902.31,0.00,-5.47,7.83 
4.09,1,-284.31,-844.28,3.18,25.41,1.44,-284.31,-844.28,0.00,-3.77,-0.20 
4.09,2,-527.62,-982.26,20.37,3.33,1.25,-527.62,-982.26,0.00,4.97,7.96 
4.31,0,-298.95,-900.53,1.86,11.13,0.56,-298.95,-900.53,0.00,-5.55,7.87 
4.31,1,-285.16,-844.34,2.70,25.02,1.48,-285.16,-844.34,0.00,-3.79,-0.20 
4.31,2,-526.59,-980.23,27.95,4.63,1.26,-526.59,-980.23,0.00,4.95,8.10 
4.43,1,-285.59,-844.34,3.58,23.23,1.42,-285.59,-844.34,0.00,-3.78,-0.19 
4.43,2,-526.05,-979.03,27.44,4.58,1.27,-526.05,-979.03,0.00,4.93,8.22 
4.53,0,-300.47,-898.77,2.67,10.09,0.54,-300.47,-898.77,0.00,-5.69,7.89 
4.53,1,-286.08,-844.46,4.28,25.21,1.45,-286.08,-844.46,0.00,-3.83,-0.24 
4.53,2,-525.58,-978.03,26.25,3.99,1.28,-525.58,-978.03,0.00,4.92,8.30 
4.64,0,-301.18,-897.93,2.02,9.64,0.59,-301.18,-897.93,0.00,-5.72,7.85 
4.64,1,-286.61,-844.52,3.46,25.05,1.45,-286.61,-844.52,0.00,-3.87,-0.26 
4.64,2,-525.08,-976.99,24.62,4.32,1.27,-525.08,-976.99,0.00,4.89,8.34 
4.88,0,-302.60,-896.06,1.43,10.08,0.55,-302.60,-896.06,0.00,-5.75,7.87 
4.88,1,-287.33,-844.49,4.80,31.35,1.48,-287.33,-844.49,0.00,-3.79,-0.21 
4.88,2,-524.05,-974.88,26.20,5.38,1.28,-524.05,-974.88,0.00,4.83,8.42 
4.98,1,-287.57,-844.51,4.52,28.98,1.41,-287.57,-844.51,0.00,-3.72,-0.21 
4.98,2,-523.67,-973.98,23.44,5.11,1.31,-523.67,-973.98,0.00,4.78,8.44 
4.98,1,-287.92,-844.53,3.40,27.81,1.45,-287.92,-844.53,0.00,-3.71,-0.21 
4.98,2,-523.30,-973.07,24.29,6.30,1.36,-523.30,-973.07,0.00,4.73,8.47 
5.70,1,-290.50,-844.67,3.31,28.47,1.47,-290.50,-844.67,0.00,-3.67,-0.21 
5.70,2,-520.18,-966.77,24.92,6.10,1.33,-520.18,-966.77,0.00,4.61,8.56 
5.81,1,-290.86,-844.65,4.57,26.65,1.40,-290.86,-844.65,0.00,-3.64,-0.19 
5.81,2,-519.85,-965.59,24.75,5.73,1.34,-519.85,-965.59,0.00,4.52,8.64 
5.91,0,-309.71,-887.68,2.76,10.43,0.54,-309.71,-887.68,0.00,-6.00,7.68 
5.91,1,-291.31,-844.66,3.27,27.90,1.44,-291.31,-844.66,0.00,-3.69,-0.18 
5.91,2,-519.60,-964.59,25.43,7.04,1.41,-519.60,-964.59,0.00,4.43,8.71 
6.13,1,-292.17,-844.62,6.38,24.14,1.27,-292.17,-844.62,0.00,-3.71,-0.14 
6.13,2,-518.84,-962.62,24.27,5.62,1.35,-518.84,-962.62,0.00,4.33,8.75 
6.23,0,-311.77,-885.56,3.29,12.10,0.59,-311.77,-885.56,0.00,-6.07,7.53 
6.23,1,-292.67,-844.76,4.56,24.88,1.47,-292.67,-844.76,0.00,-3.78,-0.21 
6.23,2,-518.56,-961.72,23.81,5.05,1.36,-518.56,-961.72,0.00,4.25,8.76 
6.35,0,-312.58,-884.69,1.91,9.20,0.62,-312.58,-884.69,0.00,-6.12,7.52 
6.35,1,-293.20,-844.76,3.44,23.24,1.40,-293.20,-844.76,0.00,-3.83,-0.19 
6.35,2,-518.24,-960.59,25.56,6.97,1.43,-518.24,-960.59,0.00,4.16,8.82 
6.45,1,-293.42,-844.83,4.16,29.34,1.44,-293.42,-844.83,0.00,-3.74,-0.22 
6.45,2,-517.94,-959.74,24.32,3.60,1.31,-517.94,-959.74,0.00,4.09,8.80 
6.67,1,-294.19,-844.89,4.10,25.80,1.39,-294.19,-844.89,0.00,-3.71,-0.23 
6.67,2,-517.23,-957.79,24.01,6.90,1.44,-517.23,-957.79,0.00,3.99,8.81 
6.67,1,-294.53,-844.89,5.86,23.67,1.30,-294.53,-844.89,0.00,-3.70,-0.22 
6.67,2,-516.98,-956.84,24.69,6.59,1.45,-516.98,-956.84,0.00,3.91,8.85 
6.88,0,-316.76,-880.48,2.31,8.58,0.65,-316.76,-880.48,0.00,-6.27,7.26 
6.88,1,-295.38,-844.98,3.89,22.82,1.43,-295.38,-844.98,0.00,-3.73,-0.24 
6.88,2,-516.29,-954.93,23.99,4.74,1.37,-516.29,-954.93,0.00,3.83,8.85 
7.22,1,-296.52,-845.05,3.87,26.87,1.42,-296.52,-845.05,0.00,-3.67,-0.24 
7.22,2,-515.23,-952.02,24.08,4.20,1.34,-515.23,-952.02,0.00,3.72,8.83 
7.32,1,-296.89,-845.17,4.87,25.37,1.41,-296.89,-845.17,0.00,-3.67,-0.28 
7.32,2,-515.02,-951.22,24.67,3.66,1.35,-515.02,-951.22,0.00,3.63,8.78 
7.43,0,-320.43,-876.99,2.73,8.37,0.62,-320.43,-876.99,0.00,-6.38,7.02 
7.43,1,-297.42,-845.26,4.33,27.04,1.43,-297.42,-845.26,0.00,-3.73,-0.31 
7.43,2,-514.74,-950.17,23.81,5.12,1.42,-514.74,-950.17,0.00,3.56,8.79 
8.20,1,-300.44,-845.49,3.26,26.38,1.43,-300.44,-845.49,0.00,-3.79,-0.31 
8.20,2,-512.45,-943.31,24.74,6.50,1.45,-512.45,-943.31,0.00,3.37,8.85 
8.32,1,-301.49,-845.38,5.91,22.70,1.13,-301.49,-845.38,0.00,-4.07,-0.24 
8.32,2,-512.28,-942.02,24.76,3.62,1.36,-512.28,-942.02,0.00,3.27,8.96 
8.65,2,-511.47,-938.93,24.01,3.87,1.39,-511.47,-938.93,0.00,3.13,9.01 
8.87,2,-511.05,-936.84,24.55,4.00,1.41,-511.05,-936.84,0.00,3.01,9.08 
9.42,1,-308.82,-845.33,2.45,10.00,0.57,-308.82,-845.33,0.00,-5.12,-0.12 
9.42,2,-509.78,-931.32,26.42,4.34,1.43,-509.78,-931.32,0.00,2.82,9.32 
9.52,0,-335.47,-863.18,2.27,11.00,0.73,-335.47,-863.18,0.00,-7.01,6.76 
9.52,1,-309.35,-845.35,3.82,9.17,0.57,-309.35,-845.35,0.00,-5.12,-0.12 
9.64,2,-509.62,-929.06,22.75,2.79,1.41,-509.62,-929.06,0.00,2.61,9.43 
9.74,0,-337.28,-861.95,2.75,9.91,0.70,-337.28,-861.95,0.00,-7.17,6.66 
9.74,2,-509.51,-928.08,22.85,2.71,1.42,-509.51,-928.08,0.00,2.53,9.45 
9.97,1,-306.51,-846.33,20.10,1.84,0.02,-306.51,-846.33,0.00,-3.00,-0.51 
9.97,2,-509.33,-925.81,23.05,3.64,1.32,-509.33,-925.81,0.00,2.32,9.49 
10.07,0,-339.76,-859.96,2.01,9.76,0.75,-339.76,-859.96,0.00,-7.22,6.54 
10.07,1,-306.74,-846.46,17.76,1.57,0.01,-306.74,-846.46,0.00,-2.97,-0.54 
10.07,2,-509.24,-924.89,23.51,3.22,1.35,-509.24,-924.89,0.00,2.25,9.47 
10.50,0,-343.00,-857.16,1.98,9.66,0.71,-343.00,-857.16,0.00,-7.28,6.53 
10.50,1,-308.56,-846.58,15.41,6.11,1.49,-308.56,-846.58,0.00,-3.21,-0.49 
10.50,2,-508.45,-920.69,24.38,3.68,1.50,-508.45,-920.69,0.00,2.15,9.52 
11.02,0,-347.00,-853.85,2.20,10.07,0.84,-347.00,-853.85,0.00,-7.39,6.50 
11.02,1,-310.99,-846.69,2.96,30.31,1.48,-310.99,-846.69,0.00,-3.56,-0.43 
11.02,2,-507.78,-915.66,24.07,4.87,1.20,-507.78,-915.66,0.00,1.94,9.57 
11.37,0,-349.87,-851.70,3.05,9.64,0.74,-349.87,-851.70,0.00,-7.53,6.44 
11.37,1,-312.61,-846.78,3.29,30.49,1.46,-312.61,-846.78,0.00,-3.73,-0.40 
11.37,2,-507.50,-912.40,23.08,7.51,1.28,-507.50,-912.40,0.00,1.75,9.53 
11.69,0,-352.39,-849.88,2.61,9.24,0.81,-352.39,-849.88,0.00,-7.59,6.33 
11.69,1,-314.30,-846.85,2.67,27.71,1.45,-314.30,-846.85,0.00,-3.96,-0.38 
11.69,2,-507.32,-909.40,24.02,8.95,1.21,-507.32,-909.40,0.00,1.57,9.52 
11.89,0,-354.04,-848.77,2.45,8.83,0.81,-354.04,-848.77,0.00,-7.65,6.26 
11.89,1,-315.20,-846.87,3.59,28.39,1.46,-315.20,-846.87,0.00,-4.01,-0.35 
11.89,2,-507.29,-907.46,22.49,7.11,1.31,-507.29,-907.46,0.00,1.44,9.53 
11.99,1,-315.77,-846.84,3.53,28.44,1.44,-315.77,-846.84,0.00,-4.09,-0.32 
11.99,2,-507.43,-906.38,24.62,10.34,1.27,-507.43,-906.38,0.00,1.31,9.59 
12.09,0,-355.68,-847.77,2.11,8.95,0.81,-355.68,-847.77,0.00,-7.69,6.14 
12.09,1,-316.28,-846.87,2.51,25.79,1.48,-316.28,-846.87,0.00,-4.14,-0.32 
12.09,2,-507.52,-905.33,23.87,9.40,1.31,-507.52,-905.33,0.00,1.20,9.63 
12.42,0,-358.49,-845.69,2.39,10.70,0.82,-358.49,-845.69,0.00,-7.82,6.15 
12.42,1,-317.83,-846.92,3.62,28.14,1.43,-317.83,-846.92,0.00,-4.22,-0.29 
12.42,2,-507.35,-901.84,26.38,10.13,1.31,-507.35,-901.84,0.00,1.09,9.77 
12.74,1,-319.09,-846.94,3.63,28.07,1.46,-319.09,-846.94,0.00,-4.19,-0.26 
12.74,2,-507.24,-898.44,26.43,8.69,1.37,-507.24,-898.44,0.00,0.97,9.92 
12.84,1,-319.40,-847.07,3.64,25.71,1.47,-319.40,-847.07,0.00,-4.13,-0.30 
12.84,2,-507.36,-897.41,24.04,9.84,1.32,-507.36,-897.41,0.00,0.87,9.93 
13.05,0,-363.90,-842.16,2.71,8.41,0.85,-363.90,-842.16,0.00,-8.03,5.99 
13.05,1,-320.32,-847.16,3.79,22.05,1.39,-320.32,-847.16,0.00,-4.15,-0.32 
13.05,2,-507.37,-895.23,23.63,8.36,1.39,-507.37,-895.23,0.00,0.77,9.96 
13.05,1,-320.97,-847.53,4.58,23.17,1.43,-320.97,-847.53,0.00,-4.26,-0.48 
13.05,2,-507.37,-894.23,23.21,7.19,1.31,-507.37,-894.23,0.00,0.74,9.96 
13.05,1,-321.56,-847.85,5.72,23.49,1.28,-321.56,-847.85,0.00,-4.35,-0.62 
13.05,2,-507.37,-893.33,24.10,6.47,1.34,-507.37,-893.33,0.00,0.70,9.91 
13.59,0,-370.18,-838.67,1.93,15.57,0.85,-370.18,-838.67,0.00,-8.13,5.62 
13.59,1,-323.36,-847.98,5.42,33.27,1.49,-323.36,-847.98,0.00,-4.10,-0.53 
13.59,2,-507.15,-888.70,28.96,7.52,1.24,-507.15,-888.70,0.00,0.63,9.60 
13.59,0,-370.67,-838.32,1.02,12.68,0.90,-370.67,-838.32,0.00,-7.98,5.52 
13.59,1,-323.52,-847.85,5.36,29.65,1.46,-323.52,-847.85,0.00,-3.98,-0.44 
13.59,2,-507.24,-888.05,26.69,7.39,1.33,-507.24,-888.05,0.00,0.56,9.46 
14.35,1,-326.47,-847.93,6.54,20.52,1.22,-326.47,-847.93,0.00,-3.94,-0.33 
14.35,2,-507.33,-881.09,26.51,9.28,1.45,-507.33,-881.09,0.00,0.33,9.33 
15.14,1,-328.91,-847.97,7.12,29.54,1.33,-328.91,-847.97,0.00,-3.66,-0.24 
15.14,2,-507.96,-873.86,25.27,11.02,1.44,-507.96,-873.86,0.00,-0.05,9.29 
15.25,0,-383.19,-830.62,0.85,8.76,0.92,-383.19,-830.62,0.00,-7.72,4.98 
15.25,1,-329.21,-847.82,4.45,26.88,1.46,-329.21,-847.82,0.00,-3.60,-0.16 
15.25,2,-508.19,-873.08,22.92,7.04,1.32,-508.19,-873.08,0.00,-0.15,9.16 
15.49,0,-384.91,-829.71,1.05,9.03,0.96,-384.91,-829.71,0.00,-7.68,4.86 
15.49,1,-329.77,-847.79,6.45,28.82,1.33,-329.77,-847.79,0.00,-3.47,-0.12 
15.49,2,-508.50,-870.99,23.89,8.53,1.41,-508.50,-870.99,0.00,-0.28,9.13 
15.59,0,-385.74,-829.34,1.63,8.73,0.97,-385.74,-829.34,0.00,-7.71,4.80 
15.59,1,-330.03,-847.84,3.50,26.00,1.43,-330.03,-847.84,0.00,-3.42,-0.14 
15.59,2,-508.71,-870.19,24.13,8.59,1.36,-508.71,-870.19,0.00,-0.37,9.08 
15.69,0,-386.53,-828.95,1.64,10.27,0.98,-386.53,-828.95,0.00,-7.72,4.75 
15.69,1,-330.51,-847.89,3.36,26.30,1.43,-330.51,-847.89,0.00,-3.49,-0.16 
15.69,2,-508.87,-869.35,22.98,7.86,1.38,-508.87,-869.35,0.00,-0.44,9.04 
15.79,0,-387.40,-828.50,1.72,10.55,0.94,-387.40,-828.50,0.00,-7.77,4.74 
15.79,1,-331.09,-847.91,3.35,26.56,1.40,-331.09,-847.91,0.00,-3.62,-0.16 
15.79,2,-508.96,-868.54,22.19,6.13,1.37,-508.96,-868.54,0.00,-0.46,8.98 
15.90,0,-388.41,-827.83,1.22,11.96,0.92,-388.41,-827.83,0.00,-7.83,4.80 
15.90,1,-331.35,-847.75,4.38,26.59,1.28,-331.35,-847.75,0.00,-3.53,-0.06 
15.90,2,-509.15,-867.31,25.39,8.81,1.44,-509.15,-867.31,0.00,-0.54,9.09 
16.12,0,-390.16,-826.84,1.65,9.93,0.96,-390.16,-826.84,0.00,-7.86,4.78 
16.12,1,-332.46,-847.73,5.08,21.25,1.19,-332.46,-847.73,0.00,-3.73,-0.04 
16.12,2,-509.36,-865.41,22.37,7.41,1.38,-509.36,-865.41,0.00,-0.59,9.06 
16.22,0,-391.06,-826.37,1.75,10.66,0.94,-391.06,-826.37,0.00,-7.92,4.77 
16.22,1,-332.93,-847.62,7.10,23.11,1.19,-332.93,-847.62,0.00,-3.78,0.02 
16.22,2,-509.56,-864.40,24.36,9.49,1.41,-509.56,-864.40,0.00,-0.67,9.11 
16.34,0,-391.97,-825.81,0.76,9.76,1.01,-391.97,-825.81,0.00,-7.91,4.77 
16.34,1,-333.23,-847.49,7.81,28.03,1.32,-333.23,-847.49,0.00,-3.70,0.09 
16.34,2,-509.84,-863.06,28.19,9.74,1.53,-509.84,-863.06,0.00,-0.79,9.27 
16.44,0,-392.98,-825.29,0.95,10.16,0.97,-392.98,-825.29,0.00,-8.04,4.80 
16.44,1,-333.75,-847.52,4.15,26.48,1.42,-333.75,-847.52,0.00,-3.79,0.07 
16.44,2,-509.99,-862.04,22.48,7.48,1.41,-509.99,-862.04,0.00,-0.83,9.32 
16.56,0,-394.05,-824.72,1.15,10.63,0.99,-394.05,-824.72,0.00,-8.11,4.80 
16.56,1,-334.13,-847.50,6.38,26.76,1.27,-334.13,-847.50,0.00,-3.75,0.08 
16.56,2,-510.21,-860.77,26.20,9.20,1.46,-510.21,-860.77,0.00,-0.90,9.42 
16.76,1,-335.05,-847.66,6.39,25.71,1.40,-335.05,-847.66,0.00,-3.84,-0.02 
16.76,2,-510.51,-858.84,22.96,8.64,1.46,-510.51,-858.84,0.00,-0.97,9.45 
16.87,1,-335.58,-847.73,6.42,21.93,1.26,-335.58,-847.73,0.00,-3.89,-0.06 
16.87,2,-510.71,-857.80,22.86,8.11,1.40,-510.71,-857.80,0.00,-1.02,9.41 
16.99,0,-397.98,-822.91,1.45,10.69,1.00,-397.98,-822.91,0.00,-8.33,4.66 
16.99,1,-335.97,-847.76,5.88,26.99,1.31,-335.97,-847.76,0.00,-3.85,-0.07 
16.99,2,-510.93,-856.59,25.17,8.48,1.49,-510.93,-856.59,0.00,-1.07,9.47 
17.09,1,-336.31,-847.84,5.84,23.67,1.34,-336.31,-847.84,0.00,-3.83,-0.11 
17.09,2,-511.15,-855.58,24.40,8.93,1.48,-511.15,-855.58,0.00,-1.14,9.51 
17.19,0,-399.78,-822.13,2.38,9.52,0.99,-399.78,-822.13,0.00,-8.40,4.58 
17.19,1,-337.06,-847.87,9.14,21.18,1.03,-337.06,-847.87,0.00,-4.03,-0.12 
17.19,2,-511.36,-854.61,22.96,8.94,1.44,-511.36,-854.61,0.00,-1.19,9.52 
17.29,1,-337.36,-847.91,5.83,28.05,1.31,-337.36,-847.91,0.00,-3.97,-0.14 
17.29,2,-511.55,-853.65,22.26,7.93,1.47,-511.55,-853.65,0.00,-1.22,9.52 
17.51,0,-402.72,-820.72,2.38,13.84,0.99,-402.72,-820.72,0.00,-8.54,4.56 
17.51,1,-338.15,-848.00,3.97,27.58,1.47,-338.15,-848.00,0.00,-3.94,-0.17 
17.51,2,-511.91,-851.50,22.10,8.30,1.44,-511.91,-851.50,0.00,-1.27,9.57 
17.62,0,-403.86,-820.19,2.35,10.94,0.99,-403.86,-820.19,0.00,-8.62,4.56 
17.62,1,-338.60,-848.05,4.05,23.91,1.40,-338.60,-848.05,0.00,-3.93,-0.18 
17.62,2,-512.19,-850.22,25.82,9.54,1.48,-512.19,-850.22,0.00,-1.34,9.65 
17.72,0,-404.80,-819.75,2.15,11.17,1.04,-404.80,-819.75,0.00,-8.66,4.55 
17.72,1,-339.10,-848.09,5.49,23.99,1.33,-339.10,-848.09,0.00,-3.99,-0.20 
17.72,2,-512.45,-849.14,24.64,9.70,1.46,-512.45,-849.14,0.00,-1.41,9.71 
17.94,0,-406.79,-818.78,2.20,11.28,1.01,-406.79,-818.78,0.00,-8.71,4.54 
17.94,1,-339.98,-848.15,3.50,24.72,1.43,-339.98,-848.15,0.00,-3.99,-0.21 
17.94,2,-512.85,-847.10,20.96,8.11,1.41,-512.85,-847.10,0.00,-1.45,9.68 
18.14,0,-408.62,-818.01,3.59,10.93,1.02,-408.62,-818.01,0.00,-8.76,4.47 
18.14,1,-340.75,-848.32,4.87,25.93,1.44,-340.75,-848.32,0.00,-3.98,-0.27 
18.14,2,-513.24,-845.30,21.61,7.57,1.44,-513.24,-845.30,0.00,-1.50,9.61 
18.26,1,-341.29,-848.45,5.06,24.57,1.40,-341.29,-848.45,0.00,-4.02,-0.32 
18.26,2,-513.51,-844.35,21.96,7.74,1.42,-513.51,-844.35,0.00,-1.55,9.53 
18.47,0,-411.64,-816.81,3.12,10.90,1.03,-411.64,-816.81,0.00,-8.80,4.34 
18.47,1,-342.38,-848.53,6.50,21.45,1.16,-342.38,-848.53,0.00,-4.12,-0.32 
18.47,2,-514.01,-842.33,22.15,9.56,1.45,-514.01,-842.33,0.00,-1.63,9.50 
18.67,0,-413.45,-816.08,3.11,9.85,1.04,-413.45,-816.08,0.00,-8.83,4.28 
18.67,1,-343.61,-848.59,6.67,20.52,1.09,-343.61,-848.59,0.00,-4.31,-0.32 
18.67,2,-514.48,-840.48,21.18,8.86,1.46,-514.48,-840.48,0.00,-1.70,9.48 
18.77,0,-414.39,-815.76,2.97,9.59,1.04,-414.39,-815.76,0.00,-8.85,4.22 
18.77,1,-344.46,-848.59,8.37,19.02,0.91,-344.46,-848.59,0.00,-4.51,-0.31 
18.77,2,-514.79,-839.59,21.30,9.01,1.45,-514.79,-839.59,0.00,-1.76,9.45 
18.89,0,-415.45,-815.36,2.57,9.66,1.05,-415.45,-815.36,0.00,-8.86,4.18 
18.89,1,-345.37,-848.60,5.49,17.34,1.07,-345.37,-848.60,0.00,-4.70,-0.29 
18.89,2,-515.12,-838.55,21.51,9.06,1.44,-515.12,-838.55,0.00,-1.82,9.42 
19.22,0,-418.50,-814.02,2.21,11.12,1.10,-418.50,-814.02,0.00,-8.91,4.16 
19.22,1,-346.90,-848.63,6.83,19.61,1.18,-346.90,-848.63,0.00,-4.68,-0.26 
19.22,2,-515.94,-835.32,20.48,9.97,1.47,-515.94,-835.32,0.00,-1.92,9.46 
19.46,0,-420.68,-813.20,3.67,11.38,1.09,-420.68,-813.20,0.00,-8.95,4.08 
19.46,1,-347.83,-848.74,4.74,23.27,1.26,-347.83,-848.74,0.00,-4.60,-0.28 
19.46,2,-516.62,-833.21,21.32,9.93,1.46,-516.62,-833.21,0.00,-2.03,9.41 
19.56,1,-348.29,-848.76,6.53,18.25,1.07,-348.29,-848.76,0.00,-4.60,-0.28 
19.56,2,-517.00,-832.30,19.78,8.82,1.51,-517.00,-832.30,0.00,-2.11,9.40 
19.67,0,-422.77,-812.55,2.37,11.38,1.22,-422.77,-812.55,0.00,-9.02,3.98 
19.67,1,-348.80,-848.78,5.59,19.68,1.18,-348.80,-848.78,0.00,-4.59,-0.27 
19.67,2,-517.44,-831.10,20.69,10.00,1.50,-517.44,-831.10,0.00,-2.20,9.45 
20.01,0,-425.96,-811.28,2.93,11.62,1.08,-425.96,-811.28,0.00,-9.11,3.95 
20.01,1,-350.01,-848.83,6.41,21.15,1.17,-350.01,-848.83,0.00,-4.44,-0.26 
20.01,2,-518.43,-827.88,20.04,10.55,1.49,-518.43,-827.88,0.00,-2.32,9.48 
20.12,0,-427.12,-810.87,2.38,10.67,1.10,-427.12,-810.87,0.00,-9.16,3.93 
20.12,1,-350.43,-848.85,4.97,21.66,1.26,-350.43,-848.85,0.00,-4.39,-0.25 
20.12,2,-518.92,-826.73,19.81,10.28,1.49,-518.92,-826.73,0.00,-2.43,9.50 
20.24,0,-428.28,-810.46,2.33,11.75,1.10,-428.28,-810.46,0.00,-9.20,3.90 
20.24,1,-350.99,-848.82,5.29,19.00,1.12,-350.99,-848.82,0.00,-4.42,-0.22 
20.24,2,-519.40,-825.62,19.58,10.04,1.49,-519.40,-825.62,0.00,-2.52,9.51 
20.34,0,-429.27,-810.20,3.52,10.60,1.14,-429.27,-810.20,0.00,-9.23,3.84 
20.34,1,-351.58,-848.92,5.46,16.71,1.15,-351.58,-848.92,0.00,-4.49,-0.26 
20.34,2,-519.81,-824.69,19.68,8.77,1.55,-519.81,-824.69,0.00,-2.59,9.49 
20.44,0,-430.24,-809.89,3.06,10.67,1.24,-430.24,-809.89,0.00,-9.24,3.80 
20.44,1,-352.28,-848.96,7.03,15.45,0.89,-352.28,-848.96,0.00,-4.60,-0.27 
20.44,2,-520.22,-823.74,19.82,8.80,1.55,-520.22,-823.74,0.00,-2.66,9.48 
20.68,2,-521.04,-821.44,21.48,10.21,1.56,-521.04,-821.44,0.00,-2.76,9.53 
20.79,0,-433.74,-808.71,2.97,11.39,1.11,-433.74,-808.71,0.00,-9.38,3.73 
20.79,1,-354.19,-849.13,3.39,23.66,1.33,-354.19,-849.13,0.00,-4.74,-0.30 
20.79,2,-521.55,-820.25,21.37,10.01,1.56,-521.55,-820.25,0.00,-2.85,9.57 
21.14,1,-356.15,-849.30,7.74,16.01,0.96,-356.15,-849.30,0.00,-4.90,-0.33 
21.14,2,-522.77,-816.96,10.60,21.21,0.02,-522.77,-816.96,0.00,-2.97,9.56 
21.47,0,-440.12,-806.65,3.55,10.82,1.17,-440.12,-806.65,0.00,-9.38,3.53 
21.47,1,-357.80,-849.48,3.39,15.71,1.23,-357.80,-849.48,0.00,-4.90,-0.37 
21.47,2,-523.97,-814.05,21.77,9.40,1.53,-523.97,-814.05,0.00,-3.07,9.43 
21.57,0,-441.08,-806.47,3.38,9.59,1.15,-441.08,-806.47,0.00,-9.39,3.44 
21.57,1,-358.49,-849.52,5.66,14.65,0.95,-358.49,-849.52,0.00,-5.00,-0.37 
21.57,2,-524.46,-813.30,21.23,9.40,1.54,-524.46,-813.30,0.00,-3.15,9.33 
22.54,0,-450.37,-803.66,4.69,9.77,1.20,-450.37,-803.66,0.00,-9.46,3.24 
22.54,1,-363.59,-849.76,8.19,10.26,0.41,-363.59,-849.76,0.00,-5.09,-0.32 
22.54,2,-528.27,-804.55,11.54,20.27,0.03,-528.27,-804.55,0.00,-3.43,9.22 
22.66,0,-451.50,-803.54,4.39,10.19,1.42,-451.50,-803.54,0.00,-9.47,3.14 
22.66,1,-363.90,-849.77,5.32,15.41,0.99,-363.90,-849.77,0.00,-4.97,-0.31 
22.66,2,-529.12,-803.63,10.61,20.15,0.05,-529.12,-803.63,0.00,-3.62,9.16 
22.78,0,-452.89,-803.32,3.43,11.51,1.20,-452.89,-803.32,0.00,-9.59,3.07 
22.78,1,-364.48,-849.83,4.65,10.94,0.86,-364.48,-849.83,0.00,-4.97,-0.32 
22.78,2,-530.02,-802.32,11.03,22.75,0.09,-530.02,-802.32,0.00,-3.83,9.26 
22.89,0,-454.14,-803.08,2.90,11.40,1.27,-454.14,-803.08,0.00,-9.66,3.01 
22.89,1,-365.23,-849.67,8.60,11.40,0.29,-365.23,-849.67,0.00,-5.06,-0.22 
22.89,2,-530.69,-801.42,8.73,18.44,0.01,-530.69,-801.42,0.00,-3.95,9.18 
22.99,0,-455.19,-802.90,2.89,9.97,1.23,-455.19,-802.90,0.00,-9.70,2.95 
22.99,1,-365.69,-849.71,4.72,10.65,0.82,-365.69,-849.71,0.00,-5.03,-0.23 
22.99,2,-531.28,-800.58,8.69,18.02,0.03,-531.28,-800.58,0.00,-4.05,9.13 
23.09,0,-456.14,-802.70,3.55,9.33,1.55,-456.14,-802.70,0.00,-9.69,2.90 
23.09,1,-365.88,-849.70,5.66,11.27,0.73,-365.88,-849.70,0.00,-4.86,-0.21 
23.09,2,-531.86,-799.68,8.67,17.81,0.06,-531.86,-799.68,0.00,-4.14,9.12 
23.19,0,-457.19,-802.48,2.58,11.12,1.28,-457.19,-802.48,0.00,-9.74,2.85 
23.19,1,-366.34,-849.68,7.57,8.75,0.60,-366.34,-849.68,0.00,-4.84,-0.19 
23.19,2,-532.44,-798.75,8.67,18.78,0.09,-532.44,-798.75,0.00,-4.24,9.13 
23.30,0,-458.23,-802.26,2.24,9.70,1.25,-458.23,-802.26,0.00,-9.76,2.81 
23.30,1,-366.76,-849.72,4.95,12.23,0.88,-366.76,-849.72,0.00,-4.79,-0.21 
23.30,2,-533.02,-797.74,8.64,20.34,0.11,-533.02,-797.74,0.00,-4.33,9.18 
23.41,0,-459.34,-801.94,2.42,9.95,1.45,-459.34,-801.94,0.00,-9.76,2.81 
23.41,1,-367.26,-849.64,9.11,9.20,0.56,-367.26,-849.64,0.00,-4.77,-0.14 
23.41,2,-533.66,-796.59,8.50,21.54,0.14,-533.66,-796.59,0.00,-4.41,9.24 
23.63,0,-461.43,-801.32,1.33,9.68,1.31,-461.43,-801.32,0.00,-9.73,2.82 
23.63,1,-368.12,-849.52,12.61,10.86,0.50,-368.12,-849.52,0.00,-4.66,-0.05 
23.63,2,-534.67,-794.61,6.86,16.71,0.08,-534.67,-794.61,0.00,-4.44,9.22 
24.14,0,-466.39,-800.08,1.66,9.84,1.31,-466.39,-800.08,0.00,-9.70,2.70 
24.14,1,-370.40,-849.59,4.84,10.63,0.75,-370.40,-849.59,0.00,-4.59,-0.07 
24.14,2,-537.06,-790.34,19.79,6.92,1.56,-537.06,-790.34,0.00,-4.49,8.95 
24.58,0,-470.52,-799.29,2.18,9.96,1.50,-470.52,-799.29,0.00,-9.66,2.51 
24.58,1,-371.96,-849.78,5.84,11.11,0.58,-371.96,-849.78,0.00,-4.37,-0.15 
24.58,2,-539.33,-786.69,8.83,20.00,0.16,-539.33,-786.69,0.00,-4.66,8.83 
24.70,0,-471.48,-799.13,10.31,3.47,0.04,-471.48,-799.13,0.00,-9.56,2.44 
24.70,1,-372.60,-849.48,6.93,10.85,0.16,-372.60,-849.48,0.00,-4.43,0.01 
24.70,2,-540.01,-786.06,7.45,19.60,0.01,-540.01,-786.06,0.00,-4.72,8.62 
24.93,0,-473.30,-798.68,3.23,12.56,1.54,-473.30,-798.68,0.00,-9.37,2.38 
24.93,1,-373.18,-848.85,16.46,9.14,1.12,-373.18,-848.85,0.00,-4.20,0.32 
24.93,2,-540.93,-785.02,20.50,8.59,1.37,-540.93,-785.02,0.00,-4.63,8.14 
25.05,0,-474.40,-798.59,8.86,4.12,0.10,-474.40,-798.59,0.00,-9.37,2.28 
25.05,1,-373.84,-848.88,8.06,7.91,0.22,-373.84,-848.88,0.00,-4.29,0.29 
25.05,2,-541.53,-784.66,15.89,5.66,1.22,-541.53,-784.66,0.00,-4.66,7.84 
25.66,0,-480.33,-797.30,9.89,3.29,0.13,-480.33,-797.30,0.00,-9.44,2.23 
25.66,1,-376.54,-848.64,7.05,9.01,0.19,-376.54,-848.64,0.00,-4.31,0.32 
25.88,0,-482.07,-797.01,9.84,4.31,0.21,-482.07,-797.01,0.00,-9.29,2.14 
25.88,1,-377.27,-848.67,8.00,10.23,0.38,-377.27,-848.67,0.00,-4.22,0.27 
26.21,0,-485.22,-796.60,8.81,4.46,0.15,-485.22,-796.60,0.00,-9.32,1.99 
26.21,1,-378.80,-848.63,8.77,8.56,0.11,-378.80,-848.63,0.00,-4.28,0.25 
26.53,0,-488.28,-796.22,9.41,4.12,0.14,-488.28,-796.22,0.00,-9.37,1.88 
26.53,1,-380.15,-848.26,10.76,7.60,1.31,-380.15,-848.26,0.00,-4.28,0.39 
26.53,2,-549.56,-775.32,9.05,4.10,1.13,-549.56,-775.32,0.00,-5.09,7.02 
26.85,0,-491.50,-796.18,10.22,5.93,0.23,-491.50,-796.18,0.00,-9.48,1.61 
26.85,1,-381.66,-848.52,8.75,10.98,0.01,-381.66,-848.52,0.00,-4.35,0.21 
26.85,2,-551.60,-773.23,10.96,4.21,1.01,-551.60,-773.23,0.00,-5.29,6.95 
27.16,0,-495.03,-795.99,13.48,4.41,0.18,-495.03,-795.99,0.00,-9.73,1.46 
27.16,1,-383.09,-848.64,10.27,8.67,1.51,-383.09,-848.64,0.00,-4.37,0.12 
27.38,0,-497.21,-795.95,10.22,4.99,0.20,-497.21,-795.95,0.00,-9.76,1.33 
27.38,1,-383.94,-848.79,10.29,9.22,1.55,-383.94,-848.79,0.00,-4.33,0.04 
27.38,2,-555.27,-769.36,9.15,4.73,1.17,-555.27,-769.36,0.00,-5.66,7.02 
28.02,0,-503.59,-795.67,10.45,5.58,0.32,-503.59,-795.67,0.00,-9.84,1.09 
28.02,1,-386.21,-848.72,13.11,8.76,0.96,-386.21,-848.72,0.00,-4.12,0.06 
28.90,0,-512.13,-795.35,7.10,4.55,0.31,-512.13,-795.35,0.00,-9.78,0.84 
28.90,1,-387.86,-848.30,29.77,6.87,0.45,-387.86,-848.30,0.00,-3.34,0.20 
29.00,0,-512.98,-795.32,6.67,3.19,0.01,-512.98,-795.32,0.00,-9.73,0.81 
29.00,1,-386.87,-848.07,35.68,6.65,0.37,-386.87,-848.07,0.00,-2.79,0.29 
29.12,0,-514.40,-795.58,7.63,3.42,0.27,-514.40,-795.58,0.00,-9.85,0.66 
29.12,1,-386.32,-848.06,35.85,10.44,0.45,-386.32,-848.06,0.00,-2.40,0.28 
29.22,0,-515.52,-795.46,7.74,3.34,0.01,-515.52,-795.46,0.00,-9.91,0.68 
29.22,1,-386.06,-847.88,34.59,5.62,0.37,-386.06,-847.88,0.00,-2.16,0.35 
29.43,0,-517.61,-795.36,7.08,3.16,0.52,-517.61,-795.36,0.00,-9.89,0.66 
29.43,1,-386.26,-847.69,32.37,5.23,0.36,-386.26,-847.69,0.00,-2.02,0.41 
30.55,0,-528.95,-795.34,7.95,3.51,0.32,-528.95,-795.34,0.00,-10.01,0.37 
30.55,1,-389.09,-847.69,31.18,6.13,0.37,-389.09,-847.69,0.00,-2.25,0.23 
30.67,0,-529.94,-795.63,8.03,3.92,0.36,-529.94,-795.63,0.00,-9.93,0.22 
30.67,1,-389.61,-847.82,30.22,5.46,0.36,-389.61,-847.82,0.00,-2.36,0.16 
30.77,0,-530.73,-795.78,8.17,3.81,0.43,-530.73,-795.78,0.00,-9.83,0.14 
30.77,1,-390.06,-847.83,30.68,3.32,0.25,-390.06,-847.83,0.00,-2.46,0.15 
30.77,2,-580.13,-745.59,11.71,5.15,1.56,-580.13,-745.59,0.00,-7.18,7.03 
31.20,0,-534.72,-795.88,8.40,4.47,0.50,-534.72,-795.88,0.00,-9.68,0.05 
31.20,1,-391.43,-847.75,30.82,3.45,0.25,-391.43,-847.75,0.00,-2.63,0.15 
31.52,0,-537.66,-795.94,5.79,2.61,0.68,-537.66,-795.94,0.00,-9.61,0.01 
31.52,1,-392.71,-847.76,32.40,3.46,0.26,-392.71,-847.76,0.00,-2.88,0.12 
31.82,0,-540.40,-796.11,6.26,2.99,0.58,-540.40,-796.11,0.00,-9.53,-0.08 
31.82,1,-393.79,-847.78,30.72,2.98,0.24,-393.79,-847.78,0.00,-2.99,0.09 
32.25,0,-544.66,-796.44,8.26,3.14,0.58,-544.66,-796.44,0.00,-9.59,-0.23 
32.25,1,-395.55,-847.98,31.64,3.57,0.25,-395.55,-847.98,0.00,-3.23,-0.03 
32.47,0,-546.63,-796.68,6.38,4.00,0.72,-546.63,-796.68,0.00,-9.54,-0.33 
32.47,1,-396.55,-848.11,31.20,3.26,0.25,-396.55,-848.11,0.00,-3.38,-0.10 
32.69,0,-548.72,-796.91,5.69,2.84,0.73,-548.72,-796.91,0.00,-9.55,-0.41 
32.69,1,-397.47,-848.21,30.98,3.28,0.25,-397.47,-848.21,0.00,-3.48,-0.13 
32.69,2,-595.70,-734.50,10.20,0.09,1.01,-595.70,-734.50,0.00,-7.86,6.11 
32.80,0,-549.81,-797.05,5.22,2.71,0.74,-549.81,-797.05,0.00,-9.54,-0.45 
32.80,1,-397.96,-848.24,30.13,3.05,0.24,-397.96,-848.24,0.00,-3.52,-0.14 
33.00,0,-551.75,-797.23,5.84,2.65,0.72,-551.75,-797.23,0.00,-9.55,-0.50 
33.00,1,-398.74,-848.28,30.51,3.07,0.25,-398.74,-848.28,0.00,-3.55,-0.15 
33.10,0,-552.97,-797.40,8.77,2.88,0.66,-552.97,-797.40,0.00,-9.68,-0.56 
33.10,1,-399.30,-848.33,31.53,3.30,0.26,-399.30,-848.33,0.00,-3.66,-0.17 
33.20,0,-554.15,-797.57,9.01,2.61,0.62,-554.15,-797.57,0.00,-9.79,-0.62 
33.20,1,-399.80,-848.37,30.75,3.16,0.25,-399.80,-848.37,0.00,-3.73,-0.18 
33.32,0,-555.47,-797.74,9.08,2.16,0.57,-555.47,-797.74,0.00,-9.88,-0.67 
33.32,1,-400.35,-848.42,31.14,3.13,0.26,-400.35,-848.42,0.00,-3.78,-0.19 
33.54,0,-557.60,-797.96,6.93,3.07,0.55,-557.60,-797.96,0.00,-9.87,-0.71 
33.54,1,-401.16,-848.46,29.42,3.16,0.25,-401.16,-848.46,0.00,-3.78,-0.19 
33.64,0,-558.50,-797.96,5.77,2.05,1.21,-558.50,-797.96,0.00,-9.83,-0.67 
33.64,1,-401.60,-848.49,30.83,3.33,0.26,-401.60,-848.49,0.00,-3.81,-0.19 
33.74,0,-559.51,-797.96,2.90,4.75,0.08,-559.51,-797.96,0.00,-9.85,-0.64 
33.74,1,-402.01,-848.50,30.33,3.21,0.25,-402.01,-848.50,0.00,-3.82,-0.19 
34.05,0,-562.71,-798.29,8.00,3.04,0.68,-562.71,-798.29,0.00,-9.88,-0.70 
34.05,1,-403.29,-848.56,30.03,3.31,0.25,-403.29,-848.56,0.00,-3.86,-0.19 
34.70,1,-405.93,-848.74,30.39,3.15,0.24,-405.93,-848.74,0.00,-3.92,-0.21 
34.82,1,-406.50,-848.81,30.93,3.11,0.24,-406.50,-848.81,0.00,-3.96,-0.23 
35.04,1,-407.37,-848.89,29.96,3.23,0.25,-407.37,-848.89,0.00,-3.97,-0.25 
35.35,1,-408.61,-848.82,31.08,4.40,0.26,-408.61,-848.82,0.00,-3.96,-0.18 
35.55,1,-409.36,-848.90,29.57,3.59,0.25,-409.36,-848.90,0.00,-3.94,-0.20 
35.55,1,-409.76,-848.96,30.14,3.46,0.24,-409.76,-848.96,0.00,-3.94,-0.22 
35.65,1,-410.14,-849.11,30.21,4.60,0.24,-410.14,-849.11,0.00,-3.94,-0.28 
35.97,0,-582.08,-801.09,8.02,3.80,0.80,-582.08,-801.09,0.00,-9.68,-1.21 
35.97,1,-411.35,-849.29,30.87,4.17,0.25,-411.35,-849.29,0.00,-3.92,-0.33 
36.19,1,-412.15,-849.40,31.35,3.45,0.24,-412.15,-849.40,0.00,-3.90,-0.35 
36.29,1,-412.48,-849.46,31.55,3.35,0.24,-412.48,-849.46,0.00,-3.87,-0.36 
36.60,1,-413.76,-849.58,30.31,3.22,0.25,-413.76,-849.58,0.00,-3.89,-0.36 
