1.11,0,-279.50,-927.63,1.23,5.32,0.58,-279.50,-927.63,0.00,-3.04,5.02 
1.11,1,-271.72,-840.62,1.31,1.28,1.29,-271.72,-840.62,0.00,-3.95,0.09 
1.11,2,-546.33,-1008.56,1.59,1.14,0.93,-546.33,-1008.56,0.00,1.76,3.93 
1.22,0,-280.31,-926.32,1.28,6.67,0.52,-280.31,-926.32,0.00,-3.53,5.78 
1.22,1,-272.44,-840.52,1.40,1.31,0.09,-272.44,-840.52,0.00,-4.23,0.18 
1.22,2,-545.65,-1007.35,1.70,1.17,0.94,-545.65,-1007.35,0.00,2.26,4.72 
1.32,0,-281.00,-925.24,1.33,8.06,0.51,-281.00,-925.24,0.00,-3.85,6.27 
1.32,1,-272.75,-840.64,1.43,1.41,1.51,-272.75,-840.64,0.00,-4.11,0.05 
1.32,2,-545.05,-1006.32,1.82,1.20,0.94,-545.05,-1006.32,0.00,2.62,5.26 
1.73,0,-283.12,-921.96,1.57,13.22,0.52,-283.12,-921.96,0.00,-4.30,6.87 
1.73,1,-274.31,-840.77,1.46,1.52,1.51,-274.31,-840.77,0.00,-4.03,-0.07 
1.73,2,-543.16,-1003.14,1.95,1.23,0.96,-543.16,-1003.14,0.00,3.29,6.11 
1.84,0,-283.89,-920.73,1.40,12.24,0.58,-283.89,-920.73,0.00,-4.51,7.20 
1.84,1,-274.90,-840.99,1.50,1.63,1.30,-274.90,-840.99,0.00,-4.12,-0.23 
1.84,2,-542.30,-1001.85,2.10,1.26,0.97,-542.30,-1001.85,0.00,3.65,6.55 
1.94,0,-284.58,-919.73,1.48,11.26,0.54,-284.58,-919.73,0.00,-4.69,7.41 
1.94,1,-275.35,-841.16,1.53,1.75,1.29,-275.35,-841.16,0.00,-4.15,-0.34 
1.94,2,-541.62,-1000.82,2.25,1.30,0.97,-541.62,-1000.82,0.00,3.88,6.83 
2.04,0,-285.17,-918.80,1.70,10.80,0.61,-285.17,-918.80,0.00,-4.77,7.54 
2.04,1,-275.77,-841.04,1.66,1.79,0.09,-275.77,-841.04,0.00,-4.15,-0.23 
2.04,2,-540.99,-999.90,2.42,1.35,0.98,-540.99,-999.90,0.00,4.06,6.99 
2.36,0,-286.91,-916.19,1.77,10.34,0.60,-286.91,-916.19,0.00,-4.91,7.66 
2.36,1,-276.99,-841.17,1.70,1.97,1.52,-276.99,-841.17,0.00,-4.08,-0.27 
2.36,2,-539.31,-997.40,2.61,1.40,0.99,-539.31,-997.40,0.00,4.30,7.16 
2.90,0,-289.99,-911.65,1.91,12.33,0.64,-289.99,-911.65,0.00,-5.15,7.91 
2.90,1,-279.35,-841.46,1.76,2.13,1.30,-279.35,-841.46,0.00,-4.18,-0.34 
2.90,2,-536.17,-992.87,2.85,1.45,1.04,-536.17,-992.87,0.00,4.75,7.53 
3.13,0,-291.54,-909.56,2.39,11.22,0.54,-291.54,-909.56,0.00,-5.33,8.04 
3.13,1,-280.40,-841.57,1.81,2.33,1.31,-280.40,-841.57,0.00,-4.23,-0.36 
3.13,2,-534.57,-990.73,3.13,1.51,1.11,-534.57,-990.73,0.00,5.00,7.74 
3.23,0,-292.30,-908.62,2.21,10.48,0.54,-292.30,-908.62,0.00,-5.45,8.10 
3.23,1,-280.77,-841.63,1.87,2.57,1.33,-280.77,-841.63,0.00,-4.20,-0.37 
3.23,2,-534.04,-989.56,3.36,1.58,1.04,-534.04,-989.56,0.00,5.02,7.94 
3.33,0,-293.00,-907.74,2.03,9.98,0.55,-293.00,-907.74,0.00,-5.53,8.14 
3.33,1,-281.17,-841.65,1.94,2.82,1.35,-281.17,-841.65,0.00,-4.19,-0.36 
3.33,2,-533.30,-988.60,3.72,1.66,1.12,-533.30,-988.60,0.00,5.14,8.02 
3.43,0,-293.68,-906.86,1.80,9.77,0.56,-293.68,-906.86,0.00,-5.59,8.17 
3.43,1,-281.63,-841.49,2.17,2.90,0.09,-281.63,-841.49,0.00,-4.21,-0.26 
3.43,2,-532.64,-987.60,4.26,1.73,1.05,-532.64,-987.60,0.00,5.21,8.12 
3.54,0,-294.37,-905.85,1.62,9.17,0.66,-294.37,-905.85,0.00,-5.61,8.20 
3.54,1,-282.02,-841.34,2.44,2.99,0.09,-282.02,-841.34,0.00,-4.15,-0.17 
3.54,2,-532.10,-986.41,4.58,1.85,1.06,-532.10,-986.41,0.00,5.17,8.24 
3.66,0,-295.05,-904.88,1.58,8.61,0.67,-295.05,-904.88,0.00,-5.62,8.20 
3.66,1,-282.42,-841.22,2.76,3.09,0.09,-282.42,-841.22,0.00,-4.11,-0.10 
3.66,2,-531.30,-985.44,4.93,2.00,1.44,-531.30,-985.44,0.00,5.27,8.25 
3.78,0,-295.71,-904.02,2.32,9.19,0.67,-295.71,-904.02,0.00,-5.63,8.16 
3.78,1,-282.73,-841.38,2.86,3.50,1.42,-282.73,-841.38,0.00,-4.03,-0.18 
3.78,2,-530.84,-984.43,5.33,2.17,1.07,-530.84,-984.43,0.00,5.20,8.28 
3.88,0,-296.30,-903.20,1.55,8.49,0.67,-296.30,-903.20,0.00,-5.64,8.16 
3.88,1,-283.15,-841.27,3.29,3.62,0.09,-283.15,-841.27,0.00,-4.03,-0.11 
3.88,2,-530.18,-983.59,5.92,2.35,1.35,-530.18,-983.59,0.00,5.27,8.28 
3.99,0,-296.98,-902.26,1.79,8.82,0.64,-296.98,-902.26,0.00,-5.65,8.16 
3.99,1,-283.62,-841.31,3.43,4.22,1.36,-283.62,-841.31,0.00,-4.03,-0.12 
3.99,2,-529.72,-982.50,6.40,2.58,1.08,-529.72,-982.50,0.00,5.19,8.35 
4.09,0,-297.57,-901.44,1.73,9.03,0.65,-297.57,-901.44,0.00,-5.67,8.16 
4.09,1,-283.98,-841.20,4.02,4.39,0.09,-283.98,-841.20,0.00,-4.01,-0.06 
4.09,2,-529.10,-981.61,7.26,2.79,1.36,-529.10,-981.61,0.00,5.24,8.37 
4.21,0,-298.26,-900.49,1.82,8.62,0.67,-298.26,-900.49,0.00,-5.68,8.15 
4.21,1,-284.34,-841.09,4.74,4.58,0.09,-284.34,-841.09,0.00,-3.96,-0.00 
4.21,2,-528.64,-980.51,7.89,3.11,1.09,-528.64,-980.51,0.00,5.16,8.44 
4.21,0,-298.84,-899.75,2.67,9.34,0.69,-298.84,-899.75,0.00,-5.69,8.12 
4.21,1,-284.77,-841.08,5.78,4.77,0.09,-284.77,-841.08,0.00,-3.97,0.01 
4.21,2,-528.16,-979.67,9.59,3.29,1.09,-528.16,-979.67,0.00,5.14,8.43 
4.31,0,-299.46,-898.96,1.93,8.38,0.61,-299.46,-898.96,0.00,-5.71,8.10 
4.31,1,-285.21,-841.00,6.84,5.04,0.09,-285.21,-841.00,0.00,-3.99,0.05 
4.31,2,-527.79,-978.69,10.44,3.74,1.10,-527.79,-978.69,0.00,5.07,8.50 
4.53,0,-300.66,-897.41,2.68,11.83,0.63,-300.66,-897.41,0.00,-5.69,8.00 
4.53,1,-285.92,-840.97,8.36,5.29,0.09,-285.92,-840.97,0.00,-3.92,0.06 
4.53,2,-526.71,-977.01,12.50,4.00,1.35,-526.71,-977.01,0.00,5.06,8.42 
4.53,0,-301.20,-896.74,2.74,10.83,0.70,-301.20,-896.74,0.00,-5.68,7.93 
4.53,1,-286.32,-840.96,10.16,5.60,0.09,-286.32,-840.96,0.00,-3.92,0.06 
4.53,2,-526.30,-976.24,14.90,4.25,1.13,-526.30,-976.24,0.00,5.01,8.38 
4.64,0,-301.82,-895.98,2.42,11.56,0.66,-301.82,-895.98,0.00,-5.66,7.85 
4.64,1,-286.72,-840.93,12.22,5.97,0.09,-286.72,-840.93,0.00,-3.89,0.07 
4.64,2,-525.89,-975.30,16.44,4.88,1.11,-525.89,-975.30,0.00,4.92,8.36 
4.76,0,-302.45,-895.20,2.46,11.18,0.69,-302.45,-895.20,0.00,-5.64,7.78 
4.76,1,-287.04,-840.99,11.69,9.24,1.51,-287.04,-840.99,0.00,-3.82,0.04 
4.76,2,-525.54,-974.32,17.65,5.80,1.12,-525.54,-974.32,0.00,4.81,8.37 
4.88,0,-303.08,-894.41,2.52,10.86,0.71,-303.08,-894.41,0.00,-5.62,7.72 
4.88,1,-287.43,-840.97,15.40,9.11,0.07,-287.43,-840.97,0.00,-3.80,0.05 
4.88,2,-525.19,-973.36,19.09,6.76,1.12,-525.19,-973.36,0.00,4.70,8.36 
4.98,0,-303.65,-893.74,2.47,10.15,0.59,-303.65,-893.74,0.00,-5.63,7.67 
4.98,1,-287.73,-840.92,26.53,9.16,0.09,-287.73,-840.92,0.00,-3.75,0.07 
4.98,2,-524.92,-972.54,20.45,7.78,1.13,-524.92,-972.54,0.00,4.60,8.35 
5.09,0,-304.29,-892.97,2.37,10.83,0.68,-304.29,-892.97,0.00,-5.62,7.61 
5.09,1,-288.13,-840.89,28.24,8.78,0.09,-288.13,-840.89,0.00,-3.74,0.08 
5.09,2,-524.58,-971.59,25.31,11.01,1.13,-524.58,-971.59,0.00,4.51,8.34 
5.20,0,-304.85,-892.35,3.31,11.05,0.72,-304.85,-892.35,0.00,-5.62,7.53 
5.20,1,-288.44,-840.92,25.94,9.45,0.09,-288.44,-840.92,0.00,-3.70,0.06 
5.20,2,-524.25,-970.83,26.04,8.09,1.14,-524.25,-970.83,0.00,4.44,8.30 
5.38,0,-305.88,-891.10,2.42,11.46,0.62,-305.88,-891.10,0.00,-5.61,7.46 
5.38,1,-289.09,-840.90,28.32,8.53,0.07,-289.09,-840.90,0.00,-3.68,0.07 
5.38,2,-523.59,-969.34,26.30,9.20,1.16,-523.59,-969.34,0.00,4.36,8.26 
5.49,1,-289.45,-841.03,10.45,26.88,1.53,-289.45,-841.03,0.00,-3.66,-0.00 
5.49,2,-523.17,-968.33,25.20,8.36,1.16,-523.17,-968.33,0.00,4.33,8.31 
5.70,0,-307.86,-888.91,3.62,10.05,0.64,-307.86,-888.91,0.00,-5.71,7.39 
5.70,1,-290.25,-841.08,27.80,9.35,0.09,-290.25,-841.08,0.00,-3.69,-0.02 
5.70,2,-522.43,-966.68,24.56,8.56,1.17,-522.43,-966.68,0.00,4.26,8.29 
5.70,0,-308.48,-888.25,3.15,8.83,0.74,-308.48,-888.25,0.00,-5.73,7.35 
5.70,1,-290.66,-841.11,27.33,9.01,0.09,-290.66,-841.11,0.00,-3.70,-0.04 
5.70,2,-522.11,-965.83,24.10,9.51,1.27,-522.11,-965.83,0.00,4.21,8.30 
5.81,0,-309.20,-887.50,3.31,9.84,0.66,-309.20,-887.50,0.00,-5.75,7.30 
5.81,1,-290.99,-841.22,9.63,27.67,1.55,-290.99,-841.22,0.00,-3.66,-0.09 
5.81,2,-521.75,-964.84,24.00,10.28,1.21,-521.75,-964.84,0.00,4.15,8.32 
5.91,0,-309.84,-886.84,3.24,9.12,0.66,-309.84,-886.84,0.00,-5.79,7.26 
5.91,1,-291.42,-841.25,27.71,8.81,0.09,-291.42,-841.25,0.00,-3.69,-0.10 
5.91,2,-521.44,-964.00,23.91,8.78,1.20,-521.44,-964.00,0.00,4.10,8.32 
6.13,0,-311.16,-885.36,3.23,9.09,0.66,-311.16,-885.36,0.00,-5.82,7.22 
6.13,1,-292.15,-841.34,26.57,8.38,0.09,-292.15,-841.34,0.00,-3.66,-0.13 
6.13,2,-520.71,-962.13,23.84,10.81,1.20,-520.71,-962.13,0.00,4.03,8.35 
6.23,0,-311.82,-884.67,2.93,8.91,0.67,-311.82,-884.67,0.00,-5.86,7.20 
6.23,1,-292.59,-841.35,27.60,8.57,0.09,-292.59,-841.35,0.00,-3.69,-0.13 
6.23,2,-520.40,-961.22,24.28,8.78,1.20,-520.40,-961.22,0.00,3.98,8.39 
6.67,0,-314.50,-881.68,4.18,8.95,0.71,-314.50,-881.68,0.00,-5.91,7.14 
6.67,1,-294.13,-841.57,10.10,25.72,1.55,-294.13,-841.57,0.00,-3.66,-0.20 
6.67,2,-518.88,-957.56,24.20,9.74,1.22,-518.88,-957.56,0.00,3.89,8.39 
6.78,0,-315.23,-880.98,3.68,9.21,0.77,-315.23,-880.98,0.00,-5.94,7.08 
6.78,1,-294.51,-841.61,25.44,8.87,0.09,-294.51,-841.61,0.00,-3.64,-0.21 
6.78,2,-518.64,-956.56,23.40,10.98,1.22,-518.64,-956.56,0.00,3.79,8.40 
6.88,0,-315.94,-880.37,3.69,8.88,0.69,-315.94,-880.37,0.00,-5.98,7.03 
6.88,1,-294.91,-841.66,27.65,8.85,0.08,-294.91,-841.66,0.00,-3.66,-0.23 
6.88,2,-518.41,-955.68,23.43,9.32,1.23,-518.41,-955.68,0.00,3.72,8.42 
6.88,0,-316.63,-879.75,3.49,8.45,0.71,-316.63,-879.75,0.00,-6.03,6.99 
6.88,1,-295.25,-841.78,9.40,25.08,1.55,-295.25,-841.78,0.00,-3.64,-0.27 
6.88,2,-518.20,-954.80,23.25,10.63,1.23,-518.20,-954.80,0.00,3.64,8.44 
7.10,0,-318.04,-878.33,3.37,8.47,0.70,-318.04,-878.33,0.00,-6.08,6.95 
7.10,1,-296.09,-841.84,27.62,8.43,0.09,-296.09,-841.84,0.00,-3.67,-0.27 
7.10,2,-517.56,-952.93,22.76,9.39,1.24,-517.56,-952.93,0.00,3.57,8.46 
7.22,0,-318.83,-877.60,3.18,8.41,0.71,-318.83,-877.60,0.00,-6.12,6.91 
7.22,1,-296.43,-841.94,8.93,27.25,1.55,-296.43,-841.94,0.00,-3.62,-0.31 
7.22,2,-517.28,-951.90,22.86,9.24,1.25,-517.28,-951.90,0.00,3.50,8.48 
7.32,0,-319.52,-876.97,2.85,8.88,0.73,-319.52,-876.97,0.00,-6.16,6.88 
7.32,1,-296.80,-841.94,24.33,9.23,0.09,-296.80,-841.94,0.00,-3.63,-0.29 
7.32,2,-517.08,-950.97,23.29,10.52,1.26,-517.08,-950.97,0.00,3.43,8.52 
7.43,0,-320.30,-876.29,3.77,9.64,0.76,-320.30,-876.29,0.00,-6.19,6.82 
7.43,1,-297.28,-842.03,27.70,9.39,0.08,-297.28,-842.03,0.00,-3.66,-0.32 
7.43,2,-516.81,-949.96,24.11,9.90,1.27,-516.81,-949.96,0.00,3.36,8.53 
7.55,0,-321.06,-875.58,3.36,9.14,0.80,-321.06,-875.58,0.00,-6.21,6.77 
7.55,1,-297.72,-842.16,9.56,26.97,1.55,-297.72,-842.16,0.00,-3.66,-0.37 
7.55,2,-516.52,-948.95,23.76,8.97,1.27,-516.52,-948.95,0.00,3.31,8.53 
7.67,0,-321.84,-874.89,3.16,8.96,0.73,-321.84,-874.89,0.00,-6.24,6.72 
7.67,1,-298.08,-842.20,26.62,8.55,0.09,-298.08,-842.20,0.00,-3.63,-0.36 
7.67,2,-516.23,-947.94,23.60,8.74,1.27,-516.23,-947.94,0.00,3.26,8.54 
7.67,0,-322.51,-874.29,2.82,9.12,0.74,-322.51,-874.29,0.00,-6.26,6.68 
7.67,1,-298.51,-842.22,27.43,8.68,0.09,-298.51,-842.22,0.00,-3.67,-0.36 
7.67,2,-516.01,-947.07,23.06,9.55,1.32,-516.01,-947.07,0.00,3.21,8.55 
7.90,0,-324.02,-872.81,2.87,8.91,0.78,-324.02,-872.81,0.00,-6.29,6.65 
7.90,1,-299.31,-842.35,25.51,7.91,0.09,-299.31,-842.35,0.00,-3.64,-0.38 
7.90,2,-515.42,-945.06,23.26,10.29,1.29,-515.42,-945.06,0.00,3.13,8.56 
8.00,0,-324.69,-872.18,2.79,8.44,0.82,-324.69,-872.18,0.00,-6.30,6.63 
8.00,1,-299.63,-842.36,26.07,8.93,0.09,-299.63,-842.36,0.00,-3.62,-0.37 
8.00,2,-515.20,-944.15,23.88,8.88,1.29,-515.20,-944.15,0.00,3.08,8.59 
8.10,0,-325.38,-871.59,3.04,9.16,0.72,-325.38,-871.59,0.00,-6.34,6.59 
8.10,1,-300.01,-842.38,27.59,8.70,0.09,-300.01,-842.38,0.00,-3.63,-0.36 
8.10,2,-514.98,-943.23,23.99,8.89,1.30,-514.98,-943.23,0.00,3.04,8.62 
8.32,0,-326.81,-870.20,2.59,8.53,0.83,-326.81,-870.20,0.00,-6.36,6.57 
8.32,1,-300.78,-842.42,24.78,9.26,0.09,-300.78,-842.42,0.00,-3.62,-0.34 
8.32,2,-514.44,-941.30,23.53,9.09,1.31,-514.44,-941.30,0.00,2.98,8.64 
8.65,0,-329.02,-868.04,2.54,8.91,0.82,-329.02,-868.04,0.00,-6.40,6.56 
8.65,1,-302.12,-842.54,7.82,26.88,1.56,-302.12,-842.54,0.00,-3.68,-0.34 
8.65,2,-513.60,-938.30,24.65,9.57,1.32,-513.60,-938.30,0.00,2.91,8.70 
8.75,0,-329.73,-867.50,3.54,9.29,0.83,-329.73,-867.50,0.00,-6.44,6.50 
8.75,1,-302.65,-842.60,23.16,8.72,0.09,-302.65,-842.60,0.00,-3.75,-0.35 
8.75,2,-513.48,-937.40,23.66,10.33,1.33,-513.48,-937.40,0.00,2.82,8.71 
8.87,0,-330.53,-866.85,3.15,8.94,0.85,-330.53,-866.85,0.00,-6.46,6.45 
8.87,1,-303.20,-842.65,22.95,8.44,0.09,-303.20,-842.65,0.00,-3.81,-0.36 
8.87,2,-513.31,-936.37,23.57,10.11,1.34,-513.31,-936.37,0.00,2.75,8.72 
8.97,0,-331.25,-866.26,3.05,8.59,0.85,-331.25,-866.26,0.00,-6.49,6.42 
8.97,1,-303.59,-842.68,26.17,8.37,0.09,-303.59,-842.68,0.00,-3.81,-0.36 
8.97,2,-513.16,-935.42,23.81,10.07,1.34,-513.16,-935.42,0.00,2.69,8.75 
8.97,0,-331.95,-865.64,2.80,9.01,0.86,-331.95,-865.64,0.00,-6.52,6.41 
8.97,1,-303.95,-842.77,8.59,27.08,1.56,-303.95,-842.77,0.00,-3.80,-0.38 
8.97,2,-512.99,-934.49,24.34,9.54,1.38,-512.99,-934.49,0.00,2.64,8.78 
9.18,0,-333.32,-864.37,2.99,10.54,0.86,-333.32,-864.37,0.00,-6.50,6.35 
9.18,1,-304.68,-842.89,28.17,7.75,0.08,-304.68,-842.89,0.00,-3.76,-0.40 
9.18,2,-512.59,-932.66,25.48,10.03,1.36,-512.59,-932.66,0.00,2.56,8.74 
9.18,0,-333.95,-863.81,2.77,9.75,0.86,-333.95,-863.81,0.00,-6.49,6.31 
9.18,1,-304.90,-842.87,28.30,9.41,0.08,-304.90,-842.87,0.00,-3.68,-0.37 
9.18,2,-512.46,-931.83,24.39,9.59,1.39,-512.46,-931.83,0.00,2.49,8.72 
9.30,0,-334.73,-863.18,2.99,9.70,0.86,-334.73,-863.18,0.00,-6.49,6.26 
9.30,1,-305.22,-842.88,27.60,8.97,0.08,-305.22,-842.88,0.00,-3.62,-0.35 
9.30,2,-512.20,-930.86,24.55,6.92,1.45,-512.20,-930.86,0.00,2.47,8.69 
9.52,0,-336.15,-861.86,2.73,9.17,0.87,-336.15,-861.86,0.00,-6.49,6.23 
9.52,1,-306.01,-842.97,26.05,7.14,0.09,-306.01,-842.97,0.00,-3.62,-0.36 
9.52,2,-511.82,-928.94,24.08,10.30,1.38,-511.82,-928.94,0.00,2.39,8.69 
9.97,0,-339.03,-859.28,3.99,10.29,0.89,-339.03,-859.28,0.00,-6.49,6.14 
9.97,1,-307.66,-843.11,28.51,8.55,0.09,-307.66,-843.11,0.00,-3.64,-0.35 
9.97,2,-510.98,-925.14,24.76,9.69,1.39,-510.98,-925.14,0.00,2.29,8.67 
10.07,0,-339.70,-858.71,2.74,8.87,0.89,-339.70,-858.71,0.00,-6.50,6.12 
10.07,1,-308.01,-843.15,7.61,28.55,1.50,-308.01,-843.15,0.00,-3.63,-0.35 
10.07,2,-510.93,-924.18,24.22,9.68,1.40,-510.93,-924.18,0.00,2.21,8.71 
10.17,0,-340.39,-858.22,3.92,9.47,0.89,-340.39,-858.22,0.00,-6.51,6.06 
10.17,1,-308.39,-843.29,28.83,7.80,0.09,-308.39,-843.29,0.00,-3.64,-0.40 
10.17,2,-510.87,-923.32,24.15,9.20,1.40,-510.87,-923.32,0.00,2.13,8.70 
10.28,0,-341.30,-857.50,3.61,11.03,0.90,-341.30,-857.50,0.00,-6.59,6.07 
10.28,1,-308.96,-843.30,29.58,9.34,0.09,-308.96,-843.30,0.00,-3.71,-0.39 
10.28,2,-510.73,-922.15,25.87,9.15,1.41,-510.73,-922.15,0.00,2.08,8.78 
10.70,0,-344.31,-854.98,3.72,11.06,0.91,-344.31,-854.98,0.00,-6.71,6.06 
10.70,1,-310.63,-843.50,29.20,7.09,0.09,-310.63,-843.50,0.00,-3.77,-0.40 
10.70,2,-510.09,-918.29,25.21,10.36,1.43,-510.09,-918.29,0.00,1.97,8.88 
10.80,0,-345.18,-854.36,3.61,10.74,0.92,-345.18,-854.36,0.00,-6.81,6.07 
10.80,1,-311.10,-843.59,29.07,7.20,0.04,-311.10,-843.59,0.00,-3.82,-0.43 
10.80,2,-510.07,-917.23,25.12,10.02,1.44,-510.07,-917.23,0.00,1.89,8.96 
10.90,0,-346.04,-853.73,3.54,11.00,0.92,-346.04,-853.73,0.00,-6.90,6.08 
10.90,1,-311.55,-843.67,7.50,28.93,1.55,-311.55,-843.67,0.00,-3.85,-0.45 
10.90,2,-510.03,-916.14,26.26,10.02,1.44,-510.03,-916.14,0.00,1.81,9.05 
11.25,0,-348.63,-851.76,4.41,9.19,0.93,-348.63,-851.76,0.00,-6.98,6.00 
11.25,1,-312.96,-843.78,28.28,9.02,0.09,-312.96,-843.78,0.00,-3.88,-0.43 
11.25,2,-509.63,-912.92,23.21,10.48,1.46,-509.63,-912.92,0.00,1.70,9.07 
11.37,0,-349.57,-851.03,2.84,10.25,0.94,-349.57,-851.03,0.00,-7.05,6.02 
11.37,1,-313.43,-843.68,27.84,10.57,0.09,-313.43,-843.68,0.00,-3.89,-0.35 
11.37,2,-509.63,-911.73,24.79,10.35,1.46,-509.63,-911.73,0.00,1.60,9.15 
11.99,0,-354.24,-847.51,4.38,9.81,0.94,-354.24,-847.51,0.00,-7.19,5.93 
11.99,1,-315.87,-843.84,27.44,8.98,0.09,-315.87,-843.84,0.00,-3.90,-0.32 
11.99,2,-509.01,-905.87,25.30,10.92,1.50,-509.01,-905.87,0.00,1.43,9.24 
11.99,0,-355.13,-847.00,3.99,9.56,0.96,-355.13,-847.00,0.00,-7.27,5.89 
11.99,1,-316.28,-843.83,27.38,8.82,0.09,-316.28,-843.83,0.00,-3.91,-0.30 
11.99,2,-509.13,-904.80,25.07,10.29,1.50,-509.13,-904.80,0.00,1.31,9.31 
12.09,0,-356.02,-846.44,3.57,9.90,0.96,-356.02,-846.44,0.00,-7.35,5.87 
12.09,1,-316.69,-843.81,27.30,8.99,0.09,-316.69,-843.81,0.00,-3.92,-0.28 
12.09,2,-509.20,-903.81,22.78,10.08,1.51,-509.20,-903.81,0.00,1.21,9.33 
12.20,0,-357.01,-845.86,3.40,9.20,0.94,-357.01,-845.86,0.00,-7.42,5.82 
12.20,1,-317.15,-843.81,27.11,8.86,0.08,-317.15,-843.81,0.00,-3.92,-0.26 
12.20,2,-509.18,-902.68,23.76,9.09,1.47,-509.18,-902.68,0.00,1.15,9.36 
12.30,0,-357.84,-845.31,3.25,9.54,0.97,-357.84,-845.31,0.00,-7.46,5.81 
12.30,1,-317.55,-843.81,27.08,8.81,0.09,-317.55,-843.81,0.00,-3.93,-0.25 
12.30,2,-509.21,-901.67,23.99,9.72,1.52,-509.21,-901.67,0.00,1.07,9.39 
12.42,0,-358.78,-844.67,3.25,8.86,0.97,-358.78,-844.67,0.00,-7.49,5.78 
12.42,1,-318.01,-843.81,26.90,8.75,0.09,-318.01,-843.81,0.00,-3.93,-0.24 
12.42,2,-509.21,-900.54,23.55,9.40,1.51,-509.21,-900.54,0.00,1.01,9.41 
12.52,0,-359.59,-844.11,3.00,9.35,0.98,-359.59,-844.11,0.00,-7.53,5.77 
12.52,1,-318.41,-843.81,26.85,9.00,0.09,-318.41,-843.81,0.00,-3.93,-0.22 
12.52,2,-509.21,-899.55,23.94,9.08,1.51,-509.21,-899.55,0.00,0.96,9.44 
12.63,0,-360.48,-843.49,3.05,8.79,0.98,-360.48,-843.49,0.00,-7.54,5.75 
12.63,1,-318.79,-843.80,29.57,8.88,0.09,-318.79,-843.80,0.00,-3.89,-0.20 
12.63,2,-509.22,-898.43,23.74,9.60,1.53,-509.22,-898.43,0.00,0.89,9.45 
12.84,0,-362.06,-842.35,2.99,9.08,0.99,-362.06,-842.35,0.00,-7.57,5.74 
12.84,1,-319.46,-843.79,28.13,9.12,0.09,-319.46,-843.79,0.00,-3.83,-0.18 
12.84,2,-509.17,-896.46,23.98,9.58,1.54,-509.17,-896.46,0.00,0.82,9.49 
13.05,0,-363.75,-841.25,4.39,9.09,0.99,-363.75,-841.25,0.00,-7.60,5.67 
13.05,1,-320.12,-843.87,26.67,9.47,0.09,-320.12,-843.87,0.00,-3.74,-0.20 
13.05,2,-509.14,-894.43,23.95,9.59,1.55,-509.14,-894.43,0.00,0.74,9.48 
13.05,0,-364.57,-840.88,5.41,9.24,1.00,-364.57,-840.88,0.00,-7.64,5.56 
13.05,1,-320.38,-844.02,25.85,10.78,0.09,-320.38,-844.02,0.00,-3.68,-0.27 
13.05,2,-509.19,-893.67,24.91,9.44,1.56,-509.19,-893.67,0.00,0.68,9.38 
13.59,0,-368.77,-838.00,3.70,9.00,1.02,-368.77,-838.00,0.00,-7.69,5.52 
13.59,1,-322.40,-844.14,27.57,8.85,0.09,-322.40,-844.14,0.00,-3.71,-0.26 
13.59,2,-509.07,-888.68,10.04,22.22,0.00,-509.07,-888.68,0.00,0.56,9.37 
13.70,0,-369.74,-837.46,3.25,8.97,1.02,-369.74,-837.46,0.00,-7.73,5.47 
13.70,1,-322.77,-844.14,26.09,8.77,0.09,-322.77,-844.14,0.00,-3.68,-0.24 
13.70,2,-508.95,-887.66,23.09,7.96,1.40,-508.95,-887.66,0.00,0.59,9.34 
13.94,0,-371.58,-836.28,3.40,8.67,1.03,-371.58,-836.28,0.00,-7.75,5.42 
13.94,1,-323.59,-844.16,28.52,8.82,0.09,-323.59,-844.16,0.00,-3.66,-0.22 
13.94,2,-509.07,-885.42,10.48,24.00,0.03,-509.07,-885.42,0.00,0.46,9.36 
14.04,0,-372.38,-835.82,3.34,9.08,1.03,-372.38,-835.82,0.00,-7.76,5.38 
14.04,1,-323.97,-844.17,27.51,8.63,0.09,-323.97,-844.17,0.00,-3.66,-0.22 
14.04,2,-509.24,-884.52,10.32,22.19,0.03,-509.24,-884.52,0.00,0.35,9.34 
14.14,0,-373.21,-835.36,2.97,8.75,1.03,-373.21,-835.36,0.00,-7.78,5.34 
14.14,1,-324.37,-844.17,27.48,8.77,0.09,-324.37,-844.17,0.00,-3.68,-0.21 
14.14,2,-509.37,-883.58,9.95,21.85,0.04,-509.37,-883.58,0.00,0.27,9.34 
14.25,0,-374.16,-834.80,2.96,8.59,1.04,-374.16,-834.80,0.00,-7.80,5.31 
14.25,1,-324.76,-844.17,25.86,8.77,0.09,-324.76,-844.17,0.00,-3.66,-0.19 
14.25,2,-509.47,-882.43,9.38,24.44,0.02,-509.47,-882.43,0.00,0.20,9.38 
14.35,0,-374.97,-834.39,4.25,9.02,1.04,-374.97,-834.39,0.00,-7.82,5.24 
14.35,1,-325.06,-844.25,24.88,9.64,0.09,-325.06,-844.25,0.00,-3.62,-0.22 
14.35,2,-509.59,-881.48,9.83,24.33,0.05,-509.59,-881.48,0.00,0.13,9.38 
14.47,0,-375.90,-833.88,3.88,8.90,1.04,-375.90,-833.88,0.00,-7.83,5.19 
14.47,1,-325.49,-844.32,27.59,9.20,0.09,-325.49,-844.32,0.00,-3.63,-0.25 
14.47,2,-509.71,-880.38,9.76,24.38,0.06,-509.71,-880.38,0.00,0.06,9.39 
15.02,0,-380.43,-831.04,3.67,10.67,1.06,-380.43,-831.04,0.00,-7.93,5.18 
15.02,1,-327.56,-844.45,25.62,8.70,0.09,-327.56,-844.45,0.00,-3.66,-0.24 
15.02,2,-509.72,-874.99,26.60,7.90,1.51,-509.72,-874.99,0.00,0.04,9.49 
15.59,0,-385.44,-828.17,4.65,12.95,1.09,-385.44,-828.17,0.00,-8.17,5.15 
15.59,1,-329.77,-844.66,28.40,8.96,0.09,-329.77,-844.66,0.00,-3.73,-0.28 
15.59,2,-510.25,-869.42,11.57,24.01,0.12,-510.25,-869.42,0.00,-0.21,9.58 
15.90,0,-388.39,-826.64,4.31,11.95,1.10,-388.39,-826.64,0.00,-8.34,5.10 
15.90,1,-331.13,-844.78,28.00,8.61,0.09,-331.13,-844.78,0.00,-3.81,-0.29 
15.90,2,-510.81,-866.34,11.15,21.89,0.13,-510.81,-866.34,0.00,-0.45,9.60 
16.00,0,-389.51,-826.21,3.63,11.76,1.10,-389.51,-826.21,0.00,-8.48,5.07 
16.00,1,-331.56,-844.81,25.25,8.44,0.09,-331.56,-844.81,0.00,-3.83,-0.29 
16.00,2,-511.21,-865.10,10.59,26.73,0.14,-511.21,-865.10,0.00,-0.62,9.73 
16.12,0,-390.64,-825.67,3.54,10.73,1.10,-390.64,-825.67,0.00,-8.55,5.04 
16.12,1,-332.06,-844.84,27.43,8.44,0.09,-332.06,-844.84,0.00,-3.86,-0.29 
16.12,2,-511.33,-863.80,7.84,26.42,0.01,-511.33,-863.80,0.00,-0.64,9.82 
16.34,0,-392.59,-824.66,3.63,9.76,1.11,-392.59,-824.66,0.00,-8.59,4.99 
16.34,1,-332.88,-845.00,8.92,27.54,1.53,-332.88,-845.00,0.00,-3.85,-0.34 
16.34,2,-511.77,-861.58,10.61,25.08,0.16,-511.77,-861.58,0.00,-0.79,9.86 
16.44,0,-393.54,-824.24,3.19,10.21,1.11,-393.54,-824.24,0.00,-8.64,4.95 
16.44,1,-333.35,-845.00,27.10,9.01,0.09,-333.35,-845.00,0.00,-3.89,-0.32 
16.44,2,-512.04,-860.47,9.72,26.00,0.13,-512.04,-860.47,0.00,-0.89,9.92 
16.56,0,-394.58,-823.72,3.22,9.83,1.12,-394.58,-823.72,0.00,-8.66,4.93 
16.56,1,-333.76,-845.08,8.50,27.88,1.53,-333.76,-845.08,0.00,-3.87,-0.35 
16.56,2,-512.35,-859.25,10.20,25.77,0.17,-512.35,-859.25,0.00,-1.00,9.95 
16.66,0,-395.50,-823.41,4.39,10.41,1.12,-395.50,-823.41,0.00,-8.68,4.83 
16.66,1,-334.20,-845.18,26.92,9.25,0.09,-334.20,-845.18,0.00,-3.90,-0.38 
16.66,2,-512.63,-858.30,10.24,24.54,0.17,-512.63,-858.30,0.00,-1.09,9.93 
16.76,0,-396.42,-823.05,4.16,10.03,1.12,-396.42,-823.05,0.00,-8.71,4.76 
16.76,1,-334.57,-845.33,9.50,27.51,1.56,-334.57,-845.33,0.00,-3.89,-0.44 
16.76,2,-512.88,-857.33,9.89,24.53,0.17,-512.88,-857.33,0.00,-1.17,9.91 
16.99,0,-398.59,-822.01,3.59,11.15,1.13,-398.59,-822.01,0.00,-8.78,4.73 
16.99,1,-335.51,-845.42,25.14,8.59,0.09,-335.51,-845.42,0.00,-3.90,-0.43 
16.99,2,-513.35,-854.92,9.94,26.50,0.19,-513.35,-854.92,0.00,-1.27,9.97 
17.09,0,-399.57,-821.55,3.62,10.90,1.14,-399.57,-821.55,0.00,-8.84,4.72 
17.09,1,-335.97,-845.45,27.41,8.90,0.09,-335.97,-845.45,0.00,-3.94,-0.42 
17.09,2,-513.64,-853.84,9.88,26.20,0.20,-513.64,-853.84,0.00,-1.35,10.01 
17.19,0,-400.51,-821.11,3.65,9.20,1.14,-400.51,-821.11,0.00,-8.86,4.71 
17.19,1,-336.45,-845.49,26.97,8.56,0.09,-336.45,-845.49,0.00,-3.98,-0.42 
17.19,2,-513.92,-852.79,9.73,25.45,0.20,-513.92,-852.79,0.00,-1.43,10.04 
17.29,0,-401.42,-820.66,3.42,9.24,1.14,-401.42,-820.66,0.00,-8.88,4.69 
17.29,1,-336.82,-845.57,8.35,25.58,1.56,-336.82,-845.57,0.00,-3.97,-0.44 
17.29,2,-514.17,-851.81,9.56,22.52,0.20,-514.17,-851.81,0.00,-1.49,10.02 
17.41,0,-402.50,-820.22,3.43,9.08,1.11,-402.50,-820.22,0.00,-8.90,4.64 
17.41,1,-337.30,-845.59,26.84,9.02,0.09,-337.30,-845.59,0.00,-3.98,-0.43 
17.41,2,-514.45,-850.68,9.42,22.93,0.21,-514.45,-850.68,0.00,-1.54,10.00 
17.51,0,-403.47,-819.82,3.07,10.59,1.10,-403.47,-819.82,0.00,-8.94,4.60 
17.51,1,-337.73,-845.65,8.18,26.41,1.53,-337.73,-845.65,0.00,-3.99,-0.43 
17.51,2,-514.69,-849.76,9.42,22.44,0.22,-514.69,-849.76,0.00,-1.58,9.96 
17.62,0,-404.56,-819.37,2.99,9.91,1.08,-404.56,-819.37,0.00,-8.97,4.56 
17.62,1,-338.16,-845.65,25.60,9.38,0.09,-338.16,-845.65,0.00,-3.98,-0.41 
17.62,2,-514.95,-848.68,9.32,22.73,0.22,-514.95,-848.68,0.00,-1.62,9.92 
17.72,0,-405.45,-818.95,2.93,9.52,1.14,-405.45,-818.95,0.00,-8.96,4.54 
17.72,1,-338.55,-845.72,27.29,7.70,0.03,-338.55,-845.72,0.00,-3.97,-0.42 
17.72,2,-515.19,-847.77,9.31,22.54,0.23,-515.19,-847.77,0.00,-1.66,9.87 
17.94,0,-407.39,-817.98,2.98,10.08,1.15,-407.39,-817.98,0.00,-8.96,4.53 
17.94,1,-339.41,-845.75,25.76,9.59,0.09,-339.41,-845.75,0.00,-3.97,-0.39 
17.94,2,-515.65,-845.66,9.33,22.65,0.24,-515.65,-845.66,0.00,-1.71,9.86 
18.36,0,-411.11,-816.34,3.50,10.63,0.86,-411.11,-816.34,0.00,-8.95,4.41 
18.36,1,-341.07,-845.94,25.88,8.76,0.08,-341.07,-845.94,0.00,-3.97,-0.40 
18.36,2,-516.51,-841.85,10.57,23.92,0.26,-516.51,-841.85,0.00,-1.78,9.71 
18.57,0,-413.00,-815.55,3.86,11.28,0.82,-413.00,-815.55,0.00,-8.93,4.33 
18.57,1,-341.89,-845.92,24.75,9.88,0.09,-341.89,-845.92,0.00,-3.95,-0.35 
18.57,2,-517.10,-839.74,10.13,24.01,0.27,-517.10,-839.74,0.00,-1.88,9.72 
18.67,0,-413.83,-815.20,3.19,10.74,1.10,-413.83,-815.20,0.00,-8.90,4.29 
18.67,1,-342.31,-845.88,25.63,9.52,0.09,-342.31,-845.88,0.00,-3.96,-0.32 
18.67,2,-517.40,-838.96,10.00,21.71,0.28,-517.40,-838.96,0.00,-1.94,9.62 
18.77,0,-414.67,-814.94,4.37,11.16,1.17,-414.67,-814.94,0.00,-8.87,4.21 
18.77,1,-342.71,-845.94,25.77,8.84,0.09,-342.71,-845.94,0.00,-3.97,-0.33 
18.77,2,-517.75,-838.09,10.23,23.15,0.28,-517.75,-838.09,0.00,-2.01,9.58 
18.89,0,-415.85,-814.52,5.39,10.73,0.83,-415.85,-814.52,0.00,-8.94,4.17 
18.89,1,-343.21,-845.97,26.53,8.76,0.09,-343.21,-845.97,0.00,-3.98,-0.33 
18.89,2,-517.99,-836.86,7.47,25.31,0.13,-517.99,-836.86,0.00,-2.01,9.63 
19.01,0,-416.99,-814.11,4.73,10.48,0.86,-416.99,-814.11,0.00,-8.99,4.14 
19.01,1,-343.68,-845.98,26.23,8.89,0.09,-343.68,-845.98,0.00,-3.99,-0.31 
19.01,2,-518.36,-835.84,10.28,20.12,0.30,-518.36,-835.84,0.00,-2.08,9.58 
19.34,0,-420.05,-812.97,6.06,10.78,0.84,-420.05,-812.97,0.00,-9.02,4.02 
19.34,1,-345.01,-846.16,26.00,9.47,0.09,-345.01,-846.16,0.00,-3.99,-0.35 
19.34,2,-519.30,-832.67,11.19,23.25,0.31,-519.30,-832.67,0.00,-2.20,9.57 
19.67,0,-423.05,-811.80,4.66,11.42,1.08,-423.05,-811.80,0.00,-9.02,3.94 
19.67,1,-346.34,-846.30,25.29,8.73,0.09,-346.34,-846.30,0.00,-3.99,-0.36 
19.67,2,-520.31,-829.58,11.19,22.64,0.33,-520.31,-829.58,0.00,-2.33,9.52 
19.67,0,-423.95,-811.58,4.40,11.03,0.99,-423.95,-811.58,0.00,-9.01,3.85 
19.67,1,-346.74,-846.33,25.22,8.47,0.09,-346.74,-846.33,0.00,-3.99,-0.36 
19.67,2,-520.70,-828.85,10.69,21.74,0.33,-520.70,-828.85,0.00,-2.41,9.41 
19.79,0,-424.99,-811.22,3.40,10.66,1.21,-424.99,-811.22,0.00,-9.01,3.81 
19.79,1,-347.20,-846.35,25.35,8.73,0.09,-347.20,-846.35,0.00,-3.98,-0.35 
19.79,2,-521.12,-827.93,10.33,21.41,0.34,-521.12,-827.93,0.00,-2.47,9.32 
19.91,0,-426.00,-810.93,3.35,11.12,1.15,-426.00,-810.93,0.00,-8.99,3.73 
19.91,1,-347.59,-846.37,25.25,8.67,0.09,-347.59,-846.37,0.00,-3.95,-0.34 
19.91,2,-521.50,-827.08,10.25,21.22,0.34,-521.50,-827.08,0.00,-2.52,9.21 
20.01,0,-426.86,-810.61,2.95,10.37,1.22,-426.86,-810.61,0.00,-8.97,3.71 
20.01,1,-347.95,-846.45,8.61,25.82,1.52,-347.95,-846.45,0.00,-3.93,-0.36 
20.01,2,-521.85,-826.32,10.06,20.38,0.35,-521.85,-826.32,0.00,-2.57,9.13 
20.12,0,-427.91,-810.27,2.63,10.84,1.20,-427.91,-810.27,0.00,-8.97,3.66 
20.12,1,-348.39,-846.51,8.19,25.70,1.52,-348.39,-846.51,0.00,-3.92,-0.37 
20.12,2,-522.23,-825.38,9.40,20.07,0.35,-522.23,-825.38,0.00,-2.61,9.07 
20.91,0,-434.86,-807.67,4.57,11.53,0.98,-434.86,-807.67,0.00,-8.94,3.55 
20.91,1,-351.56,-846.76,27.33,9.00,0.09,-351.56,-846.76,0.00,-3.96,-0.35 
20.91,2,-524.56,-818.63,11.03,20.99,0.39,-524.56,-818.63,0.00,-2.72,8.92 
20.91,0,-435.66,-807.49,3.67,10.46,1.27,-435.66,-807.49,0.00,-8.89,3.48 
20.91,1,-351.93,-846.74,27.87,8.96,0.09,-351.93,-846.74,0.00,-3.95,-0.33 
20.91,2,-525.02,-818.00,10.49,19.95,0.40,-525.02,-818.00,0.00,-2.81,8.80 
21.03,0,-436.66,-807.24,4.11,10.88,0.97,-436.66,-807.24,0.00,-8.88,3.40 
21.03,1,-352.39,-846.74,27.27,8.94,0.09,-352.39,-846.74,0.00,-3.95,-0.31 
21.03,2,-525.59,-817.00,10.30,22.22,0.40,-525.59,-817.00,0.00,-2.92,8.79 
21.14,0,-437.59,-806.95,3.20,10.23,1.28,-437.59,-806.95,0.00,-8.84,3.35 
21.14,1,-352.86,-846.73,26.99,9.26,0.09,-352.86,-846.73,0.00,-3.96,-0.29 
21.14,2,-526.14,-815.89,9.71,26.08,0.39,-526.14,-815.89,0.00,-3.03,8.85 
21.57,0,-441.60,-805.66,4.95,10.64,1.18,-441.60,-805.66,0.00,-8.93,3.27 
21.57,1,-354.61,-846.89,27.50,8.78,0.09,-354.61,-846.89,0.00,-3.98,-0.31 
21.57,2,-527.89,-811.90,10.78,26.06,0.43,-527.89,-811.90,0.00,-3.26,8.93 
21.79,0,-443.67,-805.11,4.73,10.20,1.23,-443.67,-805.11,0.00,-9.00,3.18 
21.79,1,-355.33,-846.98,26.90,8.70,0.09,-355.33,-846.98,0.00,-3.90,-0.32 
21.79,2,-528.86,-810.12,10.57,19.71,0.44,-528.86,-810.12,0.00,-3.40,8.85 
21.89,0,-444.63,-804.91,4.36,9.08,1.27,-444.63,-804.91,0.00,-9.03,3.12 
21.89,1,-355.80,-847.03,27.36,8.65,0.09,-355.80,-847.03,0.00,-3.94,-0.33 
21.89,2,-529.37,-809.40,10.17,19.29,0.45,-529.37,-809.40,0.00,-3.49,8.76 
22.44,0,-449.68,-803.34,4.06,9.74,1.28,-449.68,-803.34,0.00,-9.07,3.04 
22.44,1,-357.94,-847.15,27.17,8.89,0.09,-357.94,-847.15,0.00,-3.92,-0.30 
22.44,2,-531.76,-804.39,10.06,25.93,0.47,-531.76,-804.39,0.00,-3.72,8.85 
22.66,0,-451.71,-802.98,5.24,9.72,1.32,-451.71,-802.98,0.00,-9.09,2.90 
22.66,1,-358.79,-847.30,26.41,9.31,0.09,-358.79,-847.30,0.00,-3.93,-0.34 
22.66,2,-532.87,-802.64,10.35,21.63,0.49,-532.87,-802.64,0.00,-3.87,8.76 
22.78,0,-452.79,-802.84,4.64,10.16,1.28,-452.79,-802.84,0.00,-9.10,2.79 
22.78,1,-359.19,-847.38,27.69,8.85,0.09,-359.19,-847.38,0.00,-3.89,-0.36 
22.78,2,-533.43,-801.93,10.02,20.97,0.49,-533.43,-801.93,0.00,-3.92,8.59 
23.09,0,-455.69,-802.12,4.33,9.66,1.34,-455.69,-802.12,0.00,-9.10,2.71 
23.09,1,-360.37,-847.49,27.09,8.48,0.09,-360.37,-847.49,0.00,-3.87,-0.36 
23.09,2,-534.92,-799.26,9.73,22.29,0.51,-534.92,-799.26,0.00,-4.04,8.57 
23.30,0,-457.56,-801.71,4.28,9.55,1.35,-457.56,-801.71,0.00,-9.12,2.64 
23.30,1,-361.22,-847.56,25.77,8.62,0.09,-361.22,-847.56,0.00,-3.90,-0.36 
23.30,2,-535.84,-797.79,9.74,19.99,0.52,-535.84,-797.79,0.00,-4.10,8.44 
23.63,0,-460.83,-800.88,3.65,11.55,1.36,-460.83,-800.88,0.00,-9.24,2.62 
23.63,1,-362.52,-847.61,26.47,9.08,0.09,-362.52,-847.61,0.00,-3.90,-0.32 
23.63,2,-537.60,-794.72,9.18,25.65,0.54,-537.60,-794.72,0.00,-4.29,8.57 
24.25,0,-466.74,-799.42,4.13,9.93,1.39,-466.74,-799.42,0.00,-9.33,2.55 
24.25,1,-364.90,-847.69,26.42,9.18,0.08,-364.90,-847.69,0.00,-3.89,-0.27 
24.25,2,-540.63,-789.51,9.75,19.35,0.57,-540.63,-789.51,0.00,-4.46,8.53 
24.36,0,-467.90,-799.52,9.47,6.11,0.02,-467.90,-799.52,0.00,-9.36,2.37 
24.36,1,-365.39,-847.80,26.06,9.21,0.09,-365.39,-847.80,0.00,-3.91,-0.31 
24.36,2,-541.39,-788.75,10.29,18.95,0.57,-541.39,-788.75,0.00,-4.56,8.43 
24.58,0,-470.05,-799.19,4.70,10.27,1.40,-470.05,-799.19,0.00,-9.42,2.29 
24.58,1,-366.41,-847.93,25.17,9.03,0.08,-366.41,-847.93,0.00,-3.99,-0.34 
24.58,2,-542.57,-787.12,9.90,18.95,0.58,-542.57,-787.12,0.00,-4.66,8.33 
25.25,0,-476.64,-797.84,4.15,11.20,1.42,-476.64,-797.84,0.00,-9.56,2.21 
25.25,1,-369.44,-848.08,23.89,9.16,0.09,-369.44,-848.08,0.00,-4.15,-0.30 
25.25,2,-546.14,-781.65,10.19,18.77,0.62,-546.14,-781.65,0.00,-4.86,8.29 
26.63,0,-490.62,-795.74,5.10,10.92,1.47,-490.62,-795.74,0.00,-9.79,1.91 
26.63,1,-374.48,-848.35,31.13,8.77,0.10,-374.48,-848.35,0.00,-3.93,-0.26 
26.63,2,-555.34,-769.61,11.00,28.64,0.69,-555.34,-769.61,0.00,-5.64,8.47 
26.75,0,-491.79,-795.86,4.39,8.47,1.47,-491.79,-795.86,0.00,-9.80,1.78 
26.75,1,-374.66,-848.34,31.23,8.68,0.11,-374.66,-848.34,0.00,-3.83,-0.24 
26.75,2,-556.71,-768.55,9.72,26.52,0.70,-556.71,-768.55,0.00,-5.90,8.50 
27.05,0,-494.89,-795.78,5.45,10.09,1.48,-494.89,-795.78,0.00,-9.88,1.55 
27.05,1,-375.72,-848.60,29.75,9.70,0.10,-375.72,-848.60,0.00,-3.78,-0.33 
27.05,2,-558.61,-766.09,8.05,24.48,0.58,-558.61,-766.09,0.00,-5.96,8.45 
28.02,0,-504.62,-794.93,4.58,8.76,1.52,-504.62,-794.93,0.00,-9.96,1.24 
28.02,1,-379.36,-848.86,29.39,8.77,0.10,-379.36,-848.86,0.00,-3.77,-0.31 
28.02,2,-564.89,-759.34,11.05,19.64,0.77,-564.89,-759.34,0.00,-6.20,7.78 
28.36,0,-507.88,-795.04,4.84,8.67,1.53,-507.88,-795.04,0.00,-9.85,0.98 
28.36,1,-380.57,-849.08,30.04,9.09,0.11,-380.57,-849.08,0.00,-3.71,-0.36 
28.36,2,-567.57,-757.23,10.47,21.47,0.78,-567.57,-757.23,0.00,-6.46,7.48 
28.47,0,-508.74,-795.19,4.27,8.39,1.53,-508.74,-795.19,0.00,-9.78,0.85 
28.47,1,-380.94,-849.17,29.29,8.95,0.10,-380.94,-849.17,0.00,-3.72,-0.39 
28.47,2,-568.05,-757.19,9.86,19.56,0.79,-568.05,-757.19,0.00,-6.37,7.12 
28.58,0,-509.96,-795.21,3.77,10.19,1.54,-509.96,-795.21,0.00,-9.82,0.79 
28.58,1,-381.36,-849.21,29.49,8.60,0.10,-381.36,-849.21,0.00,-3.71,-0.38 
28.58,2,-568.83,-756.62,9.18,19.16,0.79,-568.83,-756.62,0.00,-6.39,6.98 
28.68,0,-510.90,-795.22,3.61,8.79,1.54,-510.90,-795.22,0.00,-9.80,0.74 
28.68,1,-381.71,-849.23,29.63,8.62,0.11,-381.71,-849.23,0.00,-3.70,-0.38 
28.68,2,-569.36,-756.23,8.87,18.11,0.80,-569.36,-756.23,0.00,-6.33,6.81 
28.68,0,-511.86,-795.21,3.54,8.56,1.54,-511.86,-795.21,0.00,-9.79,0.70 
28.68,1,-382.04,-849.26,30.36,8.63,0.11,-382.04,-849.26,0.00,-3.67,-0.37 
28.68,2,-569.79,-755.82,6.98,17.76,0.69,-569.79,-755.82,0.00,-6.21,6.66 
28.78,0,-512.83,-795.20,3.51,8.63,1.55,-512.83,-795.20,0.00,-9.78,0.67 
28.78,1,-382.41,-849.29,29.38,8.58,0.10,-382.41,-849.29,0.00,-3.68,-0.37 
28.78,2,-570.21,-755.51,6.44,17.39,0.18,-570.21,-755.51,0.00,-6.10,6.45 
29.55,0,-520.15,-794.75,9.56,3.24,0.00,-520.15,-794.75,0.00,-9.69,0.64 
29.55,1,-385.23,-849.40,29.26,9.54,0.10,-385.23,-849.40,0.00,-3.68,-0.28 
29.55,2,-575.16,-750.60,8.69,16.47,0.85,-575.16,-750.60,0.00,-6.23,6.43 
29.67,0,-521.25,-794.74,9.80,3.28,0.00,-521.25,-794.74,0.00,-9.67,0.60 
29.67,1,-385.61,-849.34,29.99,9.25,0.11,-385.61,-849.34,0.00,-3.65,-0.23 
29.67,2,-576.17,-749.78,8.35,19.48,0.85,-576.17,-749.78,0.00,-6.38,6.47 
29.88,0,-523.20,-794.80,9.68,4.49,0.01,-523.20,-794.80,0.00,-9.59,0.50 
29.88,1,-386.39,-849.44,29.17,9.00,0.11,-386.39,-849.44,0.00,-3.65,-0.26 
29.88,2,-577.81,-748.48,9.51,18.53,0.86,-577.81,-748.48,0.00,-6.52,6.41 
30.23,0,-526.63,-794.60,8.90,3.03,0.02,-526.63,-794.60,0.00,-9.63,0.51 
30.23,1,-387.73,-849.34,29.63,10.09,0.11,-387.73,-849.34,0.00,-3.68,-0.16 
30.23,2,-580.55,-745.93,7.85,22.31,0.88,-580.55,-745.93,0.00,-6.77,6.57 
30.45,0,-528.58,-794.51,10.73,2.99,0.03,-528.58,-794.51,0.00,-9.56,0.50 
30.45,1,-388.47,-849.24,29.90,9.61,0.11,-388.47,-849.24,0.00,-3.65,-0.09 
30.45,2,-582.18,-744.16,7.94,25.21,0.74,-582.18,-744.16,0.00,-6.85,6.76 
30.55,0,-529.67,-794.60,11.34,4.19,0.04,-529.67,-794.60,0.00,-9.63,0.42 
30.55,1,-388.90,-849.28,29.89,8.72,0.11,-388.90,-849.28,0.00,-3.68,-0.10 
30.55,2,-583.04,-743.63,9.69,16.62,0.90,-583.04,-743.63,0.00,-6.94,6.68 
30.77,0,-531.80,-794.63,7.78,4.12,0.03,-531.80,-794.63,0.00,-9.65,0.36 
30.77,1,-389.81,-849.32,30.60,8.56,0.11,-389.81,-849.32,0.00,-3.74,-0.11 
30.77,2,-584.76,-742.28,9.45,15.39,0.91,-584.76,-742.28,0.00,-7.06,6.63 
30.98,0,-533.82,-794.80,9.82,5.48,0.04,-533.82,-794.80,0.00,-9.61,0.23 
30.98,1,-390.62,-849.49,29.55,10.05,0.11,-390.62,-849.49,0.00,-3.74,-0.18 
30.98,2,-586.12,-741.34,10.26,16.12,0.92,-586.12,-741.34,0.00,-6.97,6.37 
31.10,0,-534.99,-794.95,8.76,4.93,0.04,-534.99,-794.95,0.00,-9.64,0.14 
31.10,1,-391.12,-849.59,30.39,9.54,0.11,-391.12,-849.59,0.00,-3.77,-0.23 
31.10,2,-587.01,-740.81,9.82,13.00,0.92,-587.01,-740.81,0.00,-7.01,6.26 
31.20,0,-536.00,-795.07,8.81,4.68,0.05,-536.00,-795.07,0.00,-9.66,0.07 
31.20,1,-391.56,-849.68,30.09,9.30,0.11,-391.56,-849.68,0.00,-3.81,-0.26 
31.20,2,-587.64,-740.47,10.02,12.08,0.94,-587.64,-740.47,0.00,-6.97,6.11 
31.62,0,-540.07,-795.24,8.64,4.99,0.05,-540.07,-795.24,0.00,-9.68,-0.03 
31.62,1,-393.21,-849.86,29.96,9.21,0.11,-393.21,-849.86,0.00,-3.84,-0.30 
31.62,2,-590.65,-738.16,9.94,11.38,0.96,-590.65,-738.16,0.00,-7.02,5.99 
31.72,0,-541.22,-795.44,12.87,4.98,0.13,-541.22,-795.44,0.00,-9.77,-0.12 
31.72,1,-393.63,-849.94,29.71,9.10,0.11,-393.63,-849.94,0.00,-3.85,-0.32 
31.72,2,-591.25,-737.88,10.06,10.33,0.96,-591.25,-737.88,0.00,-6.97,5.83 
31.82,0,-542.20,-795.54,8.19,4.20,0.07,-542.20,-795.54,0.00,-9.77,-0.17 
31.82,1,-394.04,-849.99,29.84,8.74,0.11,-394.04,-849.99,0.00,-3.86,-0.33 
31.82,2,-591.82,-737.56,9.25,9.07,0.97,-591.82,-737.56,0.00,-6.90,5.70 
32.05,0,-544.56,-795.78,11.88,5.35,0.08,-544.56,-795.78,0.00,-9.81,-0.27 
32.05,1,-394.93,-850.17,29.64,9.91,0.11,-394.93,-850.17,0.00,-3.86,-0.38 
32.05,2,-593.37,-736.54,10.35,9.36,0.98,-593.37,-736.54,0.00,-6.88,5.55 
32.15,0,-545.49,-795.86,8.95,3.74,0.08,-545.49,-795.86,0.00,-9.78,-0.29 
32.15,1,-395.34,-850.18,29.44,8.93,0.11,-395.34,-850.18,0.00,-3.87,-0.37 
32.15,2,-594.30,-735.94,8.48,15.29,0.98,-594.30,-735.94,0.00,-7.00,5.57 
32.25,0,-546.43,-795.92,8.80,3.41,0.09,-546.43,-795.92,0.00,-9.76,-0.31 
32.25,1,-395.74,-850.18,29.43,9.16,0.11,-395.74,-850.18,0.00,-3.87,-0.35 
32.25,2,-595.06,-735.43,8.68,8.89,0.99,-595.06,-735.43,0.00,-7.03,5.54 
32.37,0,-547.61,-796.10,11.27,5.24,0.11,-547.61,-796.10,0.00,-9.79,-0.38 
32.37,1,-396.16,-850.27,30.23,9.59,0.11,-396.16,-850.27,0.00,-3.86,-0.38 
32.37,2,-595.79,-735.01,9.55,8.73,0.99,-595.79,-735.01,0.00,-6.98,5.43 
32.47,0,-548.64,-796.25,11.37,4.78,0.09,-548.64,-796.25,0.00,-9.81,-0.44 
32.47,1,-396.55,-850.36,29.53,9.36,0.11,-396.55,-850.36,0.00,-3.86,-0.40 
32.47,2,-596.51,-734.62,9.82,8.16,1.00,-596.51,-734.62,0.00,-6.99,5.35 
32.59,0,-549.83,-796.40,10.76,4.34,0.10,-549.83,-796.40,0.00,-9.83,-0.49 
32.59,1,-396.97,-850.42,30.28,8.89,0.11,-396.97,-850.42,0.00,-3.85,-0.41 
32.59,2,-597.28,-734.14,9.07,7.68,1.00,-597.28,-734.14,0.00,-6.97,5.28 
33.00,0,-553.75,-796.70,8.27,4.42,0.12,-553.75,-796.70,0.00,-9.75,-0.53 
33.00,1,-398.58,-850.59,29.36,8.63,0.11,-398.58,-850.59,0.00,-3.85,-0.41 
33.00,2,-600.54,-731.88,9.07,9.79,0.98,-600.54,-731.88,0.00,-7.14,5.31 
33.10,0,-554.81,-796.86,8.23,4.30,0.12,-554.81,-796.86,0.00,-9.78,-0.59 
33.10,1,-399.02,-850.63,30.25,8.66,0.11,-399.02,-850.63,0.00,-3.88,-0.41 
33.10,2,-601.40,-731.42,9.15,6.78,1.03,-601.40,-731.42,0.00,-7.21,5.27 
33.20,0,-555.81,-797.01,6.63,4.24,0.13,-555.81,-797.01,0.00,-9.79,-0.63 
33.20,1,-399.44,-850.66,30.23,8.63,0.11,-399.44,-850.66,0.00,-3.89,-0.40 
33.20,2,-602.40,-730.88,9.48,12.70,1.05,-602.40,-730.88,0.00,-7.35,5.28 
33.32,0,-556.97,-797.16,7.29,4.21,0.13,-556.97,-797.16,0.00,-9.81,-0.67 
33.32,1,-399.92,-850.71,30.02,8.65,0.11,-399.92,-850.71,0.00,-3.91,-0.40 
33.32,2,-603.35,-730.35,9.29,6.31,1.05,-603.35,-730.35,0.00,-7.39,5.24 
33.42,0,-557.95,-797.29,6.14,3.88,0.14,-557.95,-797.29,0.00,-9.80,-0.70 
33.42,1,-400.35,-850.73,29.95,8.93,0.11,-400.35,-850.73,0.00,-3.92,-0.39 
33.42,2,-604.18,-729.89,8.95,6.43,1.05,-604.18,-729.89,0.00,-7.44,5.20 
33.54,0,-559.04,-797.43,6.40,3.91,0.14,-559.04,-797.43,0.00,-9.78,-0.73 
33.54,1,-400.81,-850.76,29.81,8.90,0.11,-400.81,-850.76,0.00,-3.93,-0.38 
33.54,2,-605.13,-729.33,8.85,6.41,1.06,-605.13,-729.33,0.00,-7.48,5.18 
33.74,0,-560.98,-797.64,6.22,4.09,0.15,-560.98,-797.64,0.00,-9.77,-0.77 
33.74,1,-401.59,-850.82,30.18,8.88,0.11,-401.59,-850.82,0.00,-3.92,-0.37 
33.74,2,-606.86,-728.27,8.74,12.83,1.09,-606.86,-728.27,0.00,-7.60,5.19 
34.37,0,-567.10,-798.44,6.89,6.10,0.31,-567.10,-798.44,0.00,-9.74,-0.91 
34.37,1,-404.05,-851.10,30.29,9.08,0.11,-404.05,-851.10,0.00,-3.91,-0.40 
34.37,2,-611.90,-725.24,10.96,6.52,1.10,-611.90,-725.24,0.00,-7.70,5.07 
34.60,0,-569.47,-798.91,7.47,5.10,0.24,-569.47,-798.91,0.00,-9.78,-1.02 
34.60,1,-405.06,-851.21,30.72,8.58,0.11,-405.06,-851.21,0.00,-3.96,-0.40 
34.60,2,-614.07,-724.18,10.46,8.63,1.11,-614.07,-724.18,0.00,-7.88,5.02 
34.70,0,-570.48,-799.14,6.20,4.19,0.18,-570.48,-799.14,0.00,-9.80,-1.09 
34.70,1,-405.49,-851.21,30.10,9.05,0.11,-405.49,-851.21,0.00,-3.97,-0.38 
34.70,2,-615.14,-723.75,9.37,8.39,1.12,-615.14,-723.75,0.00,-8.01,4.98 
35.35,0,-576.75,-800.08,6.07,4.63,0.20,-576.75,-800.08,0.00,-9.75,-1.19 
35.35,1,-408.07,-851.37,30.01,9.16,0.11,-408.07,-851.37,0.00,-3.97,-0.34 
35.35,2,-621.22,-720.52,9.54,10.42,1.15,-621.22,-720.52,0.00,-8.41,4.98 
35.77,0,-580.70,-800.84,6.23,4.49,0.22,-580.70,-800.84,0.00,-9.71,-1.32 
35.77,1,-409.70,-851.40,30.46,9.18,0.11,-409.70,-851.40,0.00,-3.96,-0.29 
35.77,2,-625.09,-718.72,9.99,9.80,1.17,-625.09,-718.72,0.00,-8.60,4.86 
36.19,0,-584.62,-801.82,5.89,5.66,0.29,-584.62,-801.82,0.00,-9.64,-1.52 
36.19,1,-411.31,-851.60,30.49,9.01,0.11,-411.31,-851.60,0.00,-3.94,-0.33 
36.19,2,-629.46,-717.02,11.15,16.27,1.18,-629.46,-717.02,0.00,-8.96,4.70 
36.29,0,-585.69,-802.24,6.25,4.67,0.24,-585.69,-802.24,0.00,-9.69,-1.65 
36.29,1,-411.80,-851.66,31.04,8.66,0.11,-411.80,-851.66,0.00,-3.99,-0.34 
36.29,2,-630.76,-716.73,10.11,11.65,1.20,-630.76,-716.73,0.00,-9.15,4.61 
37.04,0,-593.06,-804.15,7.75,5.84,0.30,-593.06,-804.15,0.00,-9.73,-1.94 
37.04,1,-414.86,-852.08,30.91,9.20,0.11,-414.86,-852.08,0.00,-4.01,-0.41 
37.04,2,-637.87,-714.03,11.50,8.64,1.25,-637.87,-714.03,0.00,-9.25,4.28 
