6,0,-291.924,-910.013,0.981,9.925,0.531,-291.924,-910.013,0.000,-5.110,7.580
6,1,-281.476,-844.050,2.285,14.610,1.410,-281.476,-844.050,0.000,-4.360,-0.170
6,2,-532.495,-990.667,9.981,1.995,1.278,-532.495,-990.667,0.000,4.790,7.257
6,0,-291.924,-910.013,0.981,9.925,0.531,-291.924,-910.013,0.000,-5.110,7.580
6,1,-281.476,-844.050,2.285,14.610,1.410,-281.476,-844.050,0.000,-4.360,-0.170
6,2,-532.495,-990.667,9.981,1.995,1.278,-532.495,-990.667,0.000,4.790,7.257
6,0,-291.924,-910.013,0.981,9.925,0.531,-291.924,-910.013,0.000,-5.110,7.580
6,1,-281.476,-844.050,2.285,14.610,1.410,-281.476,-844.050,0.000,-4.360,-0.170
6,2,-532.495,-990.667,9.981,1.995,1.278,-532.495,-990.667,0.000,4.790,7.257
7,0,-294.670,-906.205,1.035,7.525,0.555,-294.670,-906.205,0.000,-5.150,7.510
7,1,-282.700,-844.065,3.185,26.205,1.460,-282.700,-844.065,0.000,-3.870,-0.135
7,2,-530.125,-986.555,15.720,2.835,1.210,-530.125,-986.555,0.000,4.730,7.410
7,0,-294.670,-906.205,1.035,7.525,0.555,-294.670,-906.205,0.000,-5.150,7.510
7,1,-282.700,-844.065,3.185,26.205,1.460,-282.700,-844.065,0.000,-3.870,-0.135
7,2,-530.125,-986.555,15.720,2.835,1.210,-530.125,-986.555,0.000,4.730,7.410
7,0,-294.670,-906.205,1.035,7.525,0.555,-294.670,-906.205,0.000,-5.150,7.510
7,1,-282.700,-844.065,3.185,26.205,1.460,-282.700,-844.065,0.000,-3.870,-0.135
7,2,-530.125,-986.555,15.720,2.835,1.210,-530.125,-986.555,0.000,4.730,7.410
8,0,-297.710,-902.180,1.270,8.390,0.510,-297.710,-902.180,0.000,-5.240,7.460
8,1,-284.010,-844.238,3.201,27.361,1.473,-284.010,-844.238,0.000,-3.666,-0.191
8,2,-528.090,-982.972,21.690,3.745,1.250,-528.090,-982.972,0.000,4.688,7.522
8,0,-297.710,-902.180,1.270,8.390,0.510,-297.710,-902.180,0.000,-5.240,7.460
8,1,-284.010,-844.238,3.201,27.361,1.473,-284.010,-844.238,0.000,-3.666,-0.191
8,2,-528.090,-982.972,21.690,3.745,1.250,-528.090,-982.972,0.000,4.688,7.522
8,0,-297.710,-902.180,1.270,8.390,0.510,-297.710,-902.180,0.000,-5.240,7.460
8,1,-284.010,-844.238,3.201,27.361,1.473,-284.010,-844.238,0.000,-3.666,-0.191
8,2,-528.090,-982.972,21.690,3.745,1.250,-528.090,-982.972,0.000,4.688,7.522
9,0,-300.157,-899.092,1.594,9.735,0.549,-300.157,-899.092,0.000,-5.322,7.400
9,1,-285.653,-844.380,3.672,23.432,1.421,-285.653,-844.380,0.000,-3.540,-0.200
9,2,-525.918,-978.517,25.808,4.520,1.270,-525.918,-978.517,0.000,4.550,7.729
9,0,-300.157,-899.092,1.594,9.735,0.549,-300.157,-899.092,0.000,-5.322,7.400
9,1,-285.653,-844.380,3.672,23.432,1.421,-285.653,-844.380,0.000,-3.540,-0.200
9,2,-525.918,-978.517,25.808,4.520,1.270,-525.918,-978.517,0.000,4.550,7.729
9,0,-300.157,-899.092,1.594,9.735,0.549,-300.157,-899.092,0.000,-5.322,7.400
9,1,-285.653,-844.380,3.672,23.432,1.421,-285.653,-844.380,0.000,-3.540,-0.200
9,2,-525.918,-978.517,25.808,4.520,1.270,-525.918,-978.517,0.000,4.550,7.729
10,1,-287.403,-844.511,4.209,26.527,1.401,-287.403,-844.511,0.000,-3.602,-0.220
10,2,-524.078,-974.757,23.712,4.732,1.296,-524.078,-974.757,0.000,4.449,7.841
10,1,-287.403,-844.511,4.209,26.527,1.401,-287.403,-844.511,0.000,-3.602,-0.220
10,2,-524.078,-974.757,23.712,4.732,1.296,-524.078,-974.757,0.000,4.449,7.841
10,1,-287.403,-844.511,4.209,26.527,1.401,-287.403,-844.511,0.000,-3.602,-0.220
10,2,-524.078,-974.757,23.712,4.732,1.296,-524.078,-974.757,0.000,4.449,7.841
11,0,-306.687,-891.339,1.895,11.906,0.564,-306.687,-891.339,0.000,-5.461,7.093
11,1,-289.694,-844.740,2.763,24.182,1.459,-289.694,-844.740,0.000,-3.504,-0.250
11,2,-521.352,-968.991,27.689,6.648,1.340,-521.352,-968.991,0.000,4.280,7.940
11,0,-306.687,-891.339,1.895,11.906,0.564,-306.687,-891.339,0.000,-5.461,7.093
11,1,-289.694,-844.740,2.763,24.182,1.459,-289.694,-844.740,0.000,-3.504,-0.250
11,2,-521.352,-968.991,27.689,6.648,1.340,-521.352,-968.991,0.000,4.280,7.940
11,0,-306.687,-891.339,1.895,11.906,0.564,-306.687,-891.339,0.000,-5.461,7.093
11,1,-289.694,-844.740,2.763,24.182,1.459,-289.694,-844.740,0.000,-3.504,-0.250
11,2,-521.352,-968.991,27.689,6.648,1.340,-521.352,-968.991,0.000,4.280,7.940
12,0,-309.541,-888.104,1.913,9.661,0.568,-309.541,-888.104,0.000,-5.451,6.878
12,1,-291.370,-844.790,5.194,28.041,1.401,-291.370,-844.790,0.000,-3.420,-0.210
12,2,-519.812,-964.966,23.502,5.477,1.342,-519.812,-964.966,0.000,3.968,7.851
12,0,-309.541,-888.104,1.913,9.661,0.568,-309.541,-888.104,0.000,-5.451,6.878
12,1,-291.370,-844.790,5.194,28.041,1.401,-291.370,-844.790,0.000,-3.420,-0.210
12,2,-519.812,-964.966,23.502,5.477,1.342,-519.812,-964.966,0.000,3.968,7.851
12,0,-309.541,-888.104,1.913,9.661,0.568,-309.541,-888.104,0.000,-5.451,6.878
12,1,-291.370,-844.790,5.194,28.041,1.401,-291.370,-844.790,0.000,-3.420,-0.210
12,2,-519.812,-964.966,23.502,5.477,1.342,-519.812,-964.966,0.000,3.968,7.851
13,0,-311.920,-885.530,2.040,9.540,0.590,-311.920,-885.530,0.000,-5.500,6.740
13,1,-292.780,-844.850,4.280,24.570,1.470,-292.780,-844.850,0.000,-3.410,-0.200
13,2,-518.560,-961.650,24.010,4.990,1.360,-518.560,-961.650,0.000,3.790,7.880
13,0,-311.920,-885.530,2.040,9.540,0.590,-311.920,-885.530,0.000,-5.500,6.740
13,1,-292.780,-844.850,4.280,24.570,1.470,-292.780,-844.850,0.000,-3.410,-0.200
13,2,-518.560,-961.650,24.010,4.990,1.360,-518.560,-961.650,0.000,3.790,7.880
13,0,-311.920,-885.530,2.040,9.540,0.590,-311.920,-885.530,0.000,-5.500,6.740
13,1,-292.780,-844.850,4.280,24.570,1.470,-292.780,-844.850,0.000,-3.410,-0.200
13,2,-518.560,-961.650,24.010,4.990,1.360,-518.560,-961.650,0.000,3.790,7.880
14,0,-313.910,-883.300,2.920,9.510,0.560,-313.910,-883.300,0.000,-5.580,6.730
14,1,-294.238,-844.929,4.071,26.023,1.393,-294.238,-844.929,0.000,-3.401,-0.200
14,2,-517.309,-958.092,24.685,6.691,1.435,-517.309,-958.092,0.000,3.622,7.949
14,0,-313.910,-883.300,2.920,9.510,0.560,-313.910,-883.300,0.000,-5.580,6.730
14,1,-294.238,-844.929,4.071,26.023,1.393,-294.238,-844.929,0.000,-3.401,-0.200
14,2,-517.309,-958.092,24.685,6.691,1.435,-517.309,-958.092,0.000,3.622,7.949
14,0,-313.910,-883.300,2.920,9.510,0.560,-313.910,-883.300,0.000,-5.580,6.730
14,1,-294.238,-844.929,4.071,26.023,1.393,-294.238,-844.929,0.000,-3.401,-0.200
14,2,-517.309,-958.092,24.685,6.691,1.435,-517.309,-958.092,0.000,3.622,7.949
15,1,-295.882,-845.039,3.829,23.060,1.410,-295.882,-845.039,0.000,-3.479,-0.210
15,2,-516.136,-954.327,24.466,4.814,1.399,-516.136,-954.327,0.000,3.451,8.079
15,1,-295.882,-845.039,3.829,23.060,1.410,-295.882,-845.039,0.000,-3.479,-0.210
15,2,-516.136,-954.327,24.466,4.814,1.399,-516.136,-954.327,0.000,3.451,8.079
15,1,-295.882,-845.039,3.829,23.060,1.410,-295.882,-845.039,0.000,-3.479,-0.210
15,2,-516.136,-954.327,24.466,4.814,1.399,-516.136,-954.327,0.000,3.451,8.079
16,1,-297.676,-845.260,4.362,27.840,1.410,-297.676,-845.260,0.000,-3.590,-0.270
16,2,-514.773,-950.119,27.209,4.579,1.420,-514.773,-950.119,0.000,3.370,8.329
16,1,-297.676,-845.260,4.362,27.840,1.410,-297.676,-845.260,0.000,-3.590,-0.270
16,2,-514.773,-950.119,27.209,4.579,1.420,-514.773,-950.119,0.000,3.370,8.329
16,1,-297.676,-845.260,4.362,27.840,1.410,-297.676,-845.260,0.000,-3.590,-0.270
16,2,-514.773,-950.119,27.209,4.579,1.420,-514.773,-950.119,0.000,3.370,8.329
17,0,-324.020,-873.450,2.350,10.840,0.650,-324.020,-873.450,0.000,-6.110,6.560
17,1,-299.664,-845.410,3.939,27.143,1.421,-299.664,-845.410,0.000,-3.581,-0.270
17,2,-513.265,-945.367,22.796,3.000,1.330,-513.265,-945.367,0.000,3.221,8.400
17,0,-324.020,-873.450,2.350,10.840,0.650,-324.020,-873.450,0.000,-6.110,6.560
17,1,-299.664,-845.410,3.939,27.143,1.421,-299.664,-845.410,0.000,-3.581,-0.270
17,2,-513.265,-945.367,22.796,3.000,1.330,-513.265,-945.367,0.000,3.221,8.400
17,0,-324.020,-873.450,2.350,10.840,0.650,-324.020,-873.450,0.000,-6.110,6.560
17,1,-299.664,-845.410,3.939,27.143,1.421,-299.664,-845.410,0.000,-3.581,-0.270
17,2,-513.265,-945.367,22.796,3.000,1.330,-513.265,-945.367,0.000,3.221,8.400
18,1,-301.757,-845.508,5.525,21.947,1.316,-301.757,-845.508,0.000,-3.857,-0.260
18,2,-512.265,-941.449,24.637,2.925,1.370,-512.265,-941.449,0.000,3.071,8.579
18,1,-301.757,-845.508,5.525,21.947,1.316,-301.757,-845.508,0.000,-3.857,-0.260
18,2,-512.265,-941.449,24.637,2.925,1.370,-512.265,-941.449,0.000,3.071,8.579
18,1,-301.757,-845.508,5.525,21.947,1.316,-301.757,-845.508,0.000,-3.857,-0.260
18,2,-512.265,-941.449,24.637,2.925,1.370,-512.265,-941.449,0.000,3.071,8.579
19,0,-329.280,-868.660,3.130,11.440,0.670,-329.280,-868.660,0.000,-6.390,6.510
19,2,-511.120,-937.357,25.973,4.055,1.410,-511.120,-937.357,0.000,2.972,8.697
19,0,-329.280,-868.660,3.130,11.440,0.670,-329.280,-868.660,0.000,-6.390,6.510
19,2,-511.120,-937.357,25.973,4.055,1.410,-511.120,-937.357,0.000,2.972,8.697
19,0,-329.280,-868.660,3.130,11.440,0.670,-329.280,-868.660,0.000,-6.390,6.510
19,2,-511.120,-937.357,25.973,4.055,1.410,-511.120,-937.357,0.000,2.972,8.697
20,0,-333.170,-865.200,2.530,11.700,0.680,-333.170,-865.200,0.000,-6.600,6.500
20,1,-308.860,-845.430,0.450,12.090,0.990,-308.860,-845.430,0.000,-4.860,-0.130
20,2,-510.005,-932.121,25.168,3.768,1.410,-510.005,-932.121,0.000,2.749,8.911
20,0,-333.170,-865.200,2.530,11.700,0.680,-333.170,-865.200,0.000,-6.600,6.500
20,1,-308.860,-845.430,0.450,12.090,0.990,-308.860,-845.430,0.000,-4.860,-0.130
20,2,-510.005,-932.121,25.168,3.768,1.410,-510.005,-932.121,0.000,2.749,8.911
20,0,-333.170,-865.200,2.530,11.700,0.680,-333.170,-865.200,0.000,-6.600,6.500
20,1,-308.860,-845.430,0.450,12.090,0.990,-308.860,-845.430,0.000,-4.860,-0.130
20,2,-510.005,-932.121,25.168,3.768,1.410,-510.005,-932.121,0.000,2.749,8.911
21,0,-337.240,-861.850,3.040,9.760,0.700,-337.240,-861.850,0.000,-6.780,6.400
21,2,-509.308,-928.177,22.907,3.356,1.419,-509.308,-928.177,0.000,2.552,8.979
21,0,-337.240,-861.850,3.040,9.760,0.700,-337.240,-861.850,0.000,-6.780,6.400
21,2,-509.308,-928.177,22.907,3.356,1.419,-509.308,-928.177,0.000,2.552,8.979
21,0,-337.240,-861.850,3.040,9.760,0.700,-337.240,-861.850,0.000,-6.780,6.400
21,2,-509.308,-928.177,22.907,3.356,1.419,-509.308,-928.177,0.000,2.552,8.979
22,0,-339.590,-859.870,2.560,9.600,0.750,-339.590,-859.870,0.000,-6.830,6.330
22,2,-508.880,-925.080,23.210,4.400,1.350,-508.880,-925.080,0.000,2.350,9.010
22,0,-339.590,-859.870,2.560,9.600,0.750,-339.590,-859.870,0.000,-6.830,6.330
22,2,-508.880,-925.080,23.210,4.400,1.350,-508.880,-925.080,0.000,2.350,9.010
22,0,-339.590,-859.870,2.560,9.600,0.750,-339.590,-859.870,0.000,-6.830,6.330
22,2,-508.880,-925.080,23.210,4.400,1.350,-508.880,-925.080,0.000,2.350,9.010
23,0,-343.390,-856.700,2.340,9.360,0.790,-343.390,-856.700,0.000,-6.900,6.240
23,1,-313.330,-845.810,0.520,12.650,1.470,-313.330,-845.810,0.000,-4.390,-0.210
23,2,-508.080,-920.180,24.320,8.300,1.200,-508.080,-920.180,0.000,2.160,9.050
23,0,-343.390,-856.700,2.340,9.360,0.790,-343.390,-856.700,0.000,-6.900,6.240
23,1,-313.330,-845.810,0.520,12.650,1.470,-313.330,-845.810,0.000,-4.390,-0.210
23,2,-508.080,-920.180,24.320,8.300,1.200,-508.080,-920.180,0.000,2.160,9.050
23,0,-343.390,-856.700,2.340,9.360,0.790,-343.390,-856.700,0.000,-6.900,6.240
23,1,-313.330,-845.810,0.520,12.650,1.470,-313.330,-845.810,0.000,-4.390,-0.210
23,2,-508.080,-920.180,24.320,8.300,1.200,-508.080,-920.180,0.000,2.160,9.050
24,0,-347.777,-853.250,1.986,11.028,0.839,-347.777,-853.250,0.000,-6.950,6.071
24,1,-313.947,-846.199,0.988,15.910,1.479,-313.947,-846.199,0.000,-3.692,-0.300
24,2,-507.801,-914.636,25.789,8.265,1.202,-507.801,-914.636,0.000,1.701,9.021
24,0,-347.777,-853.250,1.986,11.028,0.839,-347.777,-853.250,0.000,-6.950,6.071
24,1,-313.947,-846.199,0.988,15.910,1.479,-313.947,-846.199,0.000,-3.692,-0.300
24,2,-507.801,-914.636,25.789,8.265,1.202,-507.801,-914.636,0.000,1.701,9.021
24,0,-347.777,-853.250,1.986,11.028,0.839,-347.777,-853.250,0.000,-6.950,6.071
24,1,-313.947,-846.199,0.988,15.910,1.479,-313.947,-846.199,0.000,-3.692,-0.300
24,2,-507.801,-914.636,25.789,8.265,1.202,-507.801,-914.636,0.000,1.701,9.021
25,0,-350.280,-851.510,2.520,9.300,0.740,-350.280,-851.510,0.000,-6.980,5.900
25,1,-314.845,-846.559,1.944,21.210,1.440,-314.845,-846.559,0.000,-3.411,-0.380
25,2,-507.779,-910.749,24.303,8.464,1.437,-507.779,-910.749,0.000,1.372,8.950
25,0,-350.280,-851.510,2.520,9.300,0.740,-350.280,-851.510,0.000,-6.980,5.900
25,1,-314.845,-846.559,1.944,21.210,1.440,-314.845,-846.559,0.000,-3.411,-0.380
25,2,-507.779,-910.749,24.303,8.464,1.437,-507.779,-910.749,0.000,1.372,8.950
25,0,-350.280,-851.510,2.520,9.300,0.740,-350.280,-851.510,0.000,-6.980,5.900
25,1,-314.845,-846.559,1.944,21.210,1.440,-314.845,-846.559,0.000,-3.411,-0.380
25,2,-507.779,-910.749,24.303,8.464,1.437,-507.779,-910.749,0.000,1.372,8.950
26,0,-353.940,-848.871,2.392,8.938,0.815,-353.940,-848.871,0.000,-7.009,5.721
26,1,-316.000,-846.729,3.446,29.044,1.460,-316.000,-846.729,0.000,-3.301,-0.380
26,2,-507.542,-907.144,23.304,6.191,1.312,-507.542,-907.144,0.000,1.222,8.900
26,0,-353.940,-848.871,2.392,8.938,0.815,-353.940,-848.871,0.000,-7.009,5.721
26,1,-316.000,-846.729,3.446,29.044,1.460,-316.000,-846.729,0.000,-3.301,-0.380
26,2,-507.542,-907.144,23.304,6.191,1.312,-507.542,-907.144,0.000,1.222,8.900
26,0,-353.940,-848.871,2.392,8.938,0.815,-353.940,-848.871,0.000,-7.009,5.721
26,1,-316.000,-846.729,3.446,29.044,1.460,-316.000,-846.729,0.000,-3.301,-0.380
26,2,-507.542,-907.144,23.304,6.191,1.312,-507.542,-907.144,0.000,1.222,8.900
27,1,-317.482,-846.831,3.392,27.420,1.450,-317.482,-846.831,0.000,-3.341,-0.360
27,2,-507.390,-903.130,27.461,8.268,1.388,-507.390,-903.130,0.000,1.058,9.012
27,1,-317.482,-846.831,3.392,27.420,1.450,-317.482,-846.831,0.000,-3.341,-0.360
27,2,-507.390,-903.130,27.461,8.268,1.388,-507.390,-903.130,0.000,1.058,9.012
27,1,-317.482,-846.831,3.392,27.420,1.450,-317.482,-846.831,0.000,-3.341,-0.360
27,2,-507.390,-903.130,27.461,8.268,1.388,-507.390,-903.130,0.000,1.058,9.012
28,0,-359.950,-844.730,2.190,11.650,0.830,-359.950,-844.730,0.000,-7.330,5.660
28,1,-318.925,-846.970,3.690,27.790,1.462,-318.925,-846.970,0.000,-3.350,-0.351
28,2,-507.340,-898.750,27.252,8.586,1.370,-507.340,-898.750,0.000,0.882,9.256
28,0,-359.950,-844.730,2.190,11.650,0.830,-359.950,-844.730,0.000,-7.330,5.660
28,1,-318.925,-846.970,3.690,27.790,1.462,-318.925,-846.970,0.000,-3.350,-0.351
28,2,-507.340,-898.750,27.252,8.586,1.370,-507.340,-898.750,0.000,0.882,9.256
28,0,-359.950,-844.730,2.190,11.650,0.830,-359.950,-844.730,0.000,-7.330,5.660
28,1,-318.925,-846.970,3.690,27.790,1.462,-318.925,-846.970,0.000,-3.350,-0.351
28,2,-507.340,-898.750,27.252,8.586,1.370,-507.340,-898.750,0.000,0.882,9.256
29,1,-319.930,-847.240,5.770,26.940,1.400,-319.930,-847.240,0.000,-3.310,-0.420
29,2,-507.340,-895.640,22.810,8.520,1.240,-507.340,-895.640,0.000,0.750,9.330
29,1,-319.930,-847.240,5.770,26.940,1.400,-319.930,-847.240,0.000,-3.310,-0.420
29,2,-507.340,-895.640,22.810,8.520,1.240,-507.340,-895.640,0.000,0.750,9.330
29,1,-319.930,-847.240,5.770,26.940,1.400,-319.930,-847.240,0.000,-3.310,-0.420
29,2,-507.340,-895.640,22.810,8.520,1.240,-507.340,-895.640,0.000,0.750,9.330
30,0,-369.470,-838.850,0.920,13.600,0.850,-369.470,-838.850,0.000,-7.700,5.410
30,1,-322.530,-847.850,4.820,30.810,1.490,-322.530,-847.850,0.000,-3.360,-0.530
30,2,-507.050,-889.150,27.780,6.800,1.240,-507.050,-889.150,0.000,0.640,9.170
30,0,-369.470,-838.850,0.920,13.600,0.850,-369.470,-838.850,0.000,-7.700,5.410
30,1,-322.530,-847.850,4.820,30.810,1.490,-322.530,-847.850,0.000,-3.360,-0.530
30,2,-507.050,-889.150,27.780,6.800,1.240,-507.050,-889.150,0.000,0.640,9.170
30,0,-369.470,-838.850,0.920,13.600,0.850,-369.470,-838.850,0.000,-7.700,5.410
30,1,-322.530,-847.850,4.820,30.810,1.490,-322.530,-847.850,0.000,-3.360,-0.530
30,2,-507.050,-889.150,27.780,6.800,1.240,-507.050,-889.150,0.000,0.640,9.170
31,0,-373.180,-836.460,0.920,10.410,0.930,-373.180,-836.460,0.000,-7.480,5.160
31,1,-324.230,-847.740,4.080,26.560,1.450,-324.230,-847.740,0.000,-3.300,-0.360
31,2,-507.230,-884.740,23.820,8.370,1.360,-507.230,-884.740,0.000,0.410,8.900
31,0,-373.180,-836.460,0.920,10.410,0.930,-373.180,-836.460,0.000,-7.480,5.160
31,1,-324.230,-847.740,4.080,26.560,1.450,-324.230,-847.740,0.000,-3.300,-0.360
31,2,-507.230,-884.740,23.820,8.370,1.360,-507.230,-884.740,0.000,0.410,8.900
31,0,-373.180,-836.460,0.920,10.410,0.930,-373.180,-836.460,0.000,-7.480,5.160
31,1,-324.230,-847.740,4.080,26.560,1.450,-324.230,-847.740,0.000,-3.300,-0.360
31,2,-507.230,-884.740,23.820,8.370,1.360,-507.230,-884.740,0.000,0.410,8.900
32,0,-376.260,-834.660,1.880,10.520,0.900,-376.260,-834.660,0.000,-7.410,4.960
32,1,-325.887,-847.690,3.095,27.708,1.468,-325.887,-847.690,0.000,-3.410,-0.260
32,2,-507.569,-881.138,24.374,8.724,1.351,-507.569,-881.138,0.000,0.170,8.790
32,0,-376.260,-834.660,1.880,10.520,0.900,-376.260,-834.660,0.000,-7.410,4.960
32,1,-325.887,-847.690,3.095,27.708,1.468,-325.887,-847.690,0.000,-3.410,-0.260
32,2,-507.569,-881.138,24.374,8.724,1.351,-507.569,-881.138,0.000,0.170,8.790
32,0,-376.260,-834.660,1.880,10.520,0.900,-376.260,-834.660,0.000,-7.410,4.960
32,1,-325.887,-847.690,3.095,27.708,1.468,-325.887,-847.690,0.000,-3.410,-0.260
32,2,-507.569,-881.138,24.374,8.724,1.351,-507.569,-881.138,0.000,0.170,8.790
33,0,-379.553,-832.664,1.590,10.696,0.979,-379.553,-832.664,0.000,-7.390,4.840
33,1,-327.307,-847.670,3.256,26.823,1.469,-327.307,-847.670,0.000,-3.350,-0.200
33,2,-507.869,-877.089,23.191,7.908,1.400,-507.869,-877.089,0.000,-0.010,8.830
33,0,-379.553,-832.664,1.590,10.696,0.979,-379.553,-832.664,0.000,-7.390,4.840
33,1,-327.307,-847.670,3.256,26.823,1.469,-327.307,-847.670,0.000,-3.350,-0.200
33,2,-507.869,-877.089,23.191,7.908,1.400,-507.869,-877.089,0.000,-0.010,8.830
33,0,-379.553,-832.664,1.590,10.696,0.979,-379.553,-832.664,0.000,-7.390,4.840
33,1,-327.307,-847.670,3.256,26.823,1.469,-327.307,-847.670,0.000,-3.350,-0.200
33,2,-507.869,-877.089,23.191,7.908,1.400,-507.869,-877.089,0.000,-0.010,8.830
34,0,-384.610,-829.750,2.300,9.310,0.960,-384.610,-829.750,0.000,-7.430,4.700
34,1,-329.303,-847.670,5.197,22.966,1.310,-329.303,-847.670,0.000,-3.410,-0.150
34,2,-508.251,-872.271,24.390,8.801,1.341,-508.251,-872.271,0.000,-0.181,8.790
34,0,-384.610,-829.750,2.300,9.310,0.960,-384.610,-829.750,0.000,-7.430,4.700
34,1,-329.303,-847.670,5.197,22.966,1.310,-329.303,-847.670,0.000,-3.410,-0.150
34,2,-508.251,-872.271,24.390,8.801,1.341,-508.251,-872.271,0.000,-0.181,8.790
34,0,-384.610,-829.750,2.300,9.310,0.960,-384.610,-829.750,0.000,-7.430,4.700
34,1,-329.303,-847.670,5.197,22.966,1.310,-329.303,-847.670,0.000,-3.410,-0.150
34,2,-508.251,-872.271,24.390,8.801,1.341,-508.251,-872.271,0.000,-0.181,8.790
35,0,-387.073,-828.489,2.308,11.231,0.941,-387.073,-828.489,0.000,-7.549,4.630
35,1,-330.870,-847.819,3.710,27.141,1.401,-330.870,-847.819,0.000,-3.488,-0.190
35,2,-508.778,-868.697,21.924,6.795,1.370,-508.778,-868.697,0.000,-0.379,8.760
35,0,-387.073,-828.489,2.308,11.231,0.941,-387.073,-828.489,0.000,-7.549,4.630
35,1,-330.870,-847.819,3.710,27.141,1.401,-330.870,-847.819,0.000,-3.488,-0.190
35,2,-508.778,-868.697,21.924,6.795,1.370,-508.778,-868.697,0.000,-0.379,8.760
35,0,-387.073,-828.489,2.308,11.231,0.941,-387.073,-828.489,0.000,-7.549,4.630
35,1,-330.870,-847.819,3.710,27.141,1.401,-330.870,-847.819,0.000,-3.488,-0.190
35,2,-508.778,-868.697,21.924,6.795,1.370,-508.778,-868.697,0.000,-0.379,8.760
36,0,-391.590,-826.060,1.770,9.870,1.010,-391.590,-826.060,0.000,-7.760,4.600
36,1,-333.000,-847.720,6.660,27.620,1.320,-333.000,-847.720,0.000,-3.610,-0.100
36,2,-509.610,-863.570,27.990,10.400,1.530,-509.610,-863.570,0.000,-0.670,8.960
36,0,-391.590,-826.060,1.770,9.870,1.010,-391.590,-826.060,0.000,-7.760,4.600
36,1,-333.000,-847.720,6.660,27.620,1.320,-333.000,-847.720,0.000,-3.610,-0.100
36,2,-509.610,-863.570,27.990,10.400,1.530,-509.610,-863.570,0.000,-0.670,8.960
36,0,-391.590,-826.060,1.770,9.870,1.010,-391.590,-826.060,0.000,-7.760,4.600
36,1,-333.000,-847.720,6.660,27.620,1.320,-333.000,-847.720,0.000,-3.610,-0.100
36,2,-509.610,-863.570,27.990,10.400,1.530,-509.610,-863.570,0.000,-0.670,8.960
37,0,-394.270,-824.630,2.130,10.150,0.990,-394.270,-824.630,0.000,-7.800,4.550
37,1,-334.558,-847.846,5.818,26.523,1.332,-334.558,-847.846,0.000,-3.618,-0.139
37,2,-510.128,-859.681,23.195,9.443,1.460,-510.128,-859.681,0.000,-0.773,8.985
37,0,-394.270,-824.630,2.130,10.150,0.990,-394.270,-824.630,0.000,-7.800,4.550
37,1,-334.558,-847.846,5.818,26.523,1.332,-334.558,-847.846,0.000,-3.618,-0.139
37,2,-510.128,-859.681,23.195,9.443,1.460,-510.128,-859.681,0.000,-0.773,8.985
37,0,-394.270,-824.630,2.130,10.150,0.990,-394.270,-824.630,0.000,-7.800,4.550
37,1,-334.558,-847.846,5.818,26.523,1.332,-334.558,-847.846,0.000,-3.618,-0.139
37,2,-510.128,-859.681,23.195,9.443,1.460,-510.128,-859.681,0.000,-0.773,8.985
38,0,-399.620,-822.030,2.870,9.770,0.990,-399.620,-822.030,0.000,-7.980,4.430
38,1,-337.130,-848.010,8.690,21.220,1.030,-337.130,-848.010,0.000,-3.900,-0.180
38,2,-510.950,-854.850,23.400,10.240,1.440,-510.950,-854.850,0.000,-0.960,8.980
38,0,-399.620,-822.030,2.870,9.770,0.990,-399.620,-822.030,0.000,-7.980,4.430
38,1,-337.130,-848.010,8.690,21.220,1.030,-337.130,-848.010,0.000,-3.900,-0.180
38,2,-510.950,-854.850,23.400,10.240,1.440,-510.950,-854.850,0.000,-0.960,8.980
38,0,-399.620,-822.030,2.870,9.770,0.990,-399.620,-822.030,0.000,-7.980,4.430
38,1,-337.130,-848.010,8.690,21.220,1.030,-337.130,-848.010,0.000,-3.900,-0.180
38,2,-510.950,-854.850,23.400,10.240,1.440,-510.950,-854.850,0.000,-0.960,8.980
39,0,-403.223,-820.478,2.134,11.929,0.992,-403.223,-820.478,0.000,-8.118,4.310
39,1,-338.891,-848.098,3.501,29.486,1.462,-338.891,-848.098,0.000,-3.963,-0.179
39,2,-511.862,-851.076,20.968,8.255,1.438,-511.862,-851.076,0.000,-1.188,9.010
39,0,-403.223,-820.478,2.134,11.929,0.992,-403.223,-820.478,0.000,-8.118,4.310
39,1,-338.891,-848.098,3.501,29.486,1.462,-338.891,-848.098,0.000,-3.963,-0.179
39,2,-511.862,-851.076,20.968,8.255,1.438,-511.862,-851.076,0.000,-1.188,9.010
39,0,-403.223,-820.478,2.134,11.929,0.992,-403.223,-820.478,0.000,-8.118,4.310
39,1,-338.891,-848.098,3.501,29.486,1.462,-338.891,-848.098,0.000,-3.963,-0.179
39,2,-511.862,-851.076,20.968,8.255,1.438,-511.862,-851.076,0.000,-1.188,9.010
40,0,-406.940,-818.840,3.530,9.910,1.010,-406.940,-818.840,0.000,-8.190,4.190
40,1,-340.290,-848.270,5.040,25.440,1.430,-340.290,-848.270,0.000,-3.810,-0.230
40,2,-512.740,-847.220,22.660,8.160,1.410,-512.740,-847.220,0.000,-1.350,8.960
40,0,-406.940,-818.840,3.530,9.910,1.010,-406.940,-818.840,0.000,-8.190,4.190
40,1,-340.290,-848.270,5.040,25.440,1.430,-340.290,-848.270,0.000,-3.810,-0.230
40,2,-512.740,-847.220,22.660,8.160,1.410,-512.740,-847.220,0.000,-1.350,8.960
40,0,-406.940,-818.840,3.530,9.910,1.010,-406.940,-818.840,0.000,-8.190,4.190
40,1,-340.290,-848.270,5.040,25.440,1.430,-340.290,-848.270,0.000,-3.810,-0.230
40,2,-512.740,-847.220,22.660,8.160,1.410,-512.740,-847.220,0.000,-1.350,8.960
41,0,-410.480,-817.450,3.080,11.600,1.020,-410.480,-817.450,0.000,-8.250,4.030
41,1,-342.006,-848.538,5.839,22.104,1.245,-342.006,-848.538,0.000,-3.878,-0.310
41,2,-513.741,-843.548,22.397,10.027,1.498,-513.741,-843.548,0.000,-1.548,8.939
41,0,-410.480,-817.450,3.080,11.600,1.020,-410.480,-817.450,0.000,-8.250,4.030
41,1,-342.006,-848.538,5.839,22.104,1.245,-342.006,-848.538,0.000,-3.878,-0.310
41,2,-513.741,-843.548,22.397,10.027,1.498,-513.741,-843.548,0.000,-1.548,8.939
41,0,-410.480,-817.450,3.080,11.600,1.020,-410.480,-817.450,0.000,-8.250,4.030
41,1,-342.006,-848.538,5.839,22.104,1.245,-342.006,-848.538,0.000,-3.878,-0.310
41,2,-513.741,-843.548,22.397,10.027,1.498,-513.741,-843.548,0.000,-1.548,8.939
42,0,-414.170,-815.980,2.720,9.930,1.040,-414.170,-815.980,0.000,-8.360,3.930
42,1,-344.500,-848.630,8.200,18.990,0.910,-344.500,-848.630,0.000,-4.280,-0.290
42,2,-514.790,-839.830,20.570,9.090,1.450,-514.790,-839.830,0.000,-1.730,8.920
42,0,-414.170,-815.980,2.720,9.930,1.040,-414.170,-815.980,0.000,-8.360,3.930
42,1,-344.500,-848.630,8.200,18.990,0.910,-344.500,-848.630,0.000,-4.280,-0.290
42,2,-514.790,-839.830,20.570,9.090,1.450,-514.790,-839.830,0.000,-1.730,8.920
42,0,-414.170,-815.980,2.720,9.930,1.040,-414.170,-815.980,0.000,-8.360,3.930
42,1,-344.500,-848.630,8.200,18.990,0.910,-344.500,-848.630,0.000,-4.280,-0.290
42,2,-514.790,-839.830,20.570,9.090,1.450,-514.790,-839.830,0.000,-1.730,8.920
43,0,-418.880,-814.020,1.690,10.150,1.100,-418.880,-814.020,0.000,-8.410,3.850
43,1,-346.300,-848.690,6.320,21.130,1.180,-346.300,-848.690,0.000,-4.050,-0.240
43,2,-516.240,-834.900,19.660,8.950,1.470,-516.240,-834.900,0.000,-1.950,8.930
43,0,-418.880,-814.020,1.690,10.150,1.100,-418.880,-814.020,0.000,-8.410,3.850
43,1,-346.300,-848.690,6.320,21.130,1.180,-346.300,-848.690,0.000,-4.050,-0.240
43,2,-516.240,-834.900,19.660,8.950,1.470,-516.240,-834.900,0.000,-1.950,8.930
43,0,-418.880,-814.020,1.690,10.150,1.100,-418.880,-814.020,0.000,-8.410,3.850
43,1,-346.300,-848.690,6.320,21.130,1.180,-346.300,-848.690,0.000,-4.050,-0.240
43,2,-516.240,-834.900,19.660,8.950,1.470,-516.240,-834.900,0.000,-1.950,8.930
44,0,-422.740,-812.630,2.730,11.140,1.120,-422.740,-812.630,0.000,-8.450,3.690
44,1,-348.330,-848.840,5.020,18.630,1.190,-348.330,-848.840,0.000,-4.140,-0.260
44,2,-517.510,-831.130,20.280,8.410,1.510,-517.510,-831.130,0.000,-2.130,8.820
44,0,-422.740,-812.630,2.730,11.140,1.120,-422.740,-812.630,0.000,-8.450,3.690
44,1,-348.330,-848.840,5.020,18.630,1.190,-348.330,-848.840,0.000,-4.140,-0.260
44,2,-517.510,-831.130,20.280,8.410,1.510,-517.510,-831.130,0.000,-2.130,8.820
44,0,-422.740,-812.630,2.730,11.140,1.120,-422.740,-812.630,0.000,-8.450,3.690
44,1,-348.330,-848.840,5.020,18.630,1.190,-348.330,-848.840,0.000,-4.140,-0.260
44,2,-517.510,-831.130,20.280,8.410,1.510,-517.510,-831.130,0.000,-2.130,8.820
45,0,-427.310,-810.900,2.060,10.210,1.100,-427.310,-810.900,0.000,-8.410,3.560
45,1,-350.610,-848.920,5.320,22.120,1.260,-350.610,-848.920,0.000,-4.140,-0.230
45,2,-519.080,-826.500,19.570,9.750,1.490,-519.080,-826.500,0.000,-2.300,8.720
45,0,-427.310,-810.900,2.060,10.210,1.100,-427.310,-810.900,0.000,-8.410,3.560
45,1,-350.610,-848.920,5.320,22.120,1.260,-350.610,-848.920,0.000,-4.140,-0.230
45,2,-519.080,-826.500,19.570,9.750,1.490,-519.080,-826.500,0.000,-2.300,8.720
45,0,-427.310,-810.900,2.060,10.210,1.100,-427.310,-810.900,0.000,-8.410,3.560
45,1,-350.610,-848.920,5.320,22.120,1.260,-350.610,-848.920,0.000,-4.140,-0.230
45,2,-519.080,-826.500,19.570,9.750,1.490,-519.080,-826.500,0.000,-2.300,8.720
46,0,-431.050,-809.590,3.780,10.740,1.340,-431.050,-809.590,0.000,-8.450,3.460
46,1,-354.020,-849.170,11.610,12.830,0.620,-354.020,-849.170,0.000,-4.660,-0.290
46,2,-520.460,-822.800,19.940,9.350,1.550,-520.460,-822.800,0.000,-2.480,8.690
46,0,-431.050,-809.590,3.780,10.740,1.340,-431.050,-809.590,0.000,-8.450,3.460
46,1,-354.020,-849.170,11.610,12.830,0.620,-354.020,-849.170,0.000,-4.660,-0.290
46,2,-520.460,-822.800,19.940,9.350,1.550,-520.460,-822.800,0.000,-2.480,8.690
46,0,-431.050,-809.590,3.780,10.740,1.340,-431.050,-809.590,0.000,-8.450,3.460
46,1,-354.020,-849.170,11.610,12.830,0.620,-354.020,-849.170,0.000,-4.660,-0.290
46,2,-520.460,-822.800,19.940,9.350,1.550,-520.460,-822.800,0.000,-2.480,8.690
47,0,-434.170,-808.590,2.730,10.070,1.110,-434.170,-808.590,0.000,-8.520,3.360
47,1,-355.520,-849.310,5.770,20.765,1.145,-355.520,-849.310,0.000,-4.605,-0.305
47,2,-522.130,-818.720,15.555,16.045,0.790,-522.130,-818.720,0.000,-2.705,8.705
47,0,-434.170,-808.590,2.730,10.070,1.110,-434.170,-808.590,0.000,-8.520,3.360
47,1,-355.520,-849.310,5.770,20.765,1.145,-355.520,-849.310,0.000,-4.605,-0.305
47,2,-522.130,-818.720,15.555,16.045,0.790,-522.130,-818.720,0.000,-2.705,8.705
47,0,-434.170,-808.590,2.730,10.070,1.110,-434.170,-808.590,0.000,-8.520,3.360
47,1,-355.520,-849.310,5.770,20.765,1.145,-355.520,-849.310,0.000,-4.605,-0.305
47,2,-522.130,-818.720,15.555,16.045,0.790,-522.130,-818.720,0.000,-2.705,8.705
48,0,-438.520,-807.410,3.080,12.060,1.150,-438.520,-807.410,0.000,-8.750,3.210
48,1,-357.390,-849.480,5.170,21.900,1.210,-357.390,-849.480,0.000,-4.740,-0.330
48,2,-523.520,-815.900,19.030,9.460,1.520,-523.520,-815.900,0.000,-2.930,8.650
48,0,-438.520,-807.410,3.080,12.060,1.150,-438.520,-807.410,0.000,-8.750,3.210
48,1,-357.390,-849.480,5.170,21.900,1.210,-357.390,-849.480,0.000,-4.740,-0.330
48,2,-523.520,-815.900,19.030,9.460,1.520,-523.520,-815.900,0.000,-2.930,8.650
48,0,-438.520,-807.410,3.080,12.060,1.150,-438.520,-807.410,0.000,-8.750,3.210
48,1,-357.390,-849.480,5.170,21.900,1.210,-357.390,-849.480,0.000,-4.740,-0.330
48,2,-523.520,-815.900,19.030,9.460,1.520,-523.520,-815.900,0.000,-2.930,8.650
49,0,-443.891,-805.804,2.769,11.219,1.294,-443.891,-805.804,0.000,-8.890,3.100
49,1,-360.205,-849.505,4.029,13.518,0.990,-360.205,-849.505,0.000,-4.880,-0.270
49,2,-525.621,-811.279,15.009,15.526,0.798,-525.621,-811.279,0.000,-3.174,8.680
49,0,-443.891,-805.804,2.769,11.219,1.294,-443.891,-805.804,0.000,-8.890,3.100
49,1,-360.205,-849.505,4.029,13.518,0.990,-360.205,-849.505,0.000,-4.880,-0.270
49,2,-525.621,-811.279,15.009,15.526,0.798,-525.621,-811.279,0.000,-3.174,8.680
49,0,-443.891,-805.804,2.769,11.219,1.294,-443.891,-805.804,0.000,-8.890,3.100
49,1,-360.205,-849.505,4.029,13.518,0.990,-360.205,-849.505,0.000,-4.880,-0.270
49,2,-525.621,-811.279,15.009,15.526,0.798,-525.621,-811.279,0.000,-3.174,8.680
50,0,-448.485,-804.470,3.180,10.865,1.415,-448.485,-804.470,0.000,-9.005,3.025
50,1,-362.745,-849.525,5.295,13.710,0.830,-362.745,-849.525,0.000,-4.835,-0.220
50,2,-528.065,-806.490,14.005,14.470,0.775,-528.065,-806.490,0.000,-3.490,8.730
50,0,-448.485,-804.470,3.180,10.865,1.415,-448.485,-804.470,0.000,-9.005,3.025
50,1,-362.745,-849.525,5.295,13.710,0.830,-362.745,-849.525,0.000,-4.835,-0.220
50,2,-528.065,-806.490,14.005,14.470,0.775,-528.065,-806.490,0.000,-3.490,8.730
50,0,-448.485,-804.470,3.180,10.865,1.415,-448.485,-804.470,0.000,-9.005,3.025
50,1,-362.745,-849.525,5.295,13.710,0.830,-362.745,-849.525,0.000,-4.835,-0.220
50,2,-528.065,-806.490,14.005,14.470,0.775,-528.065,-806.490,0.000,-3.490,8.730
51,0,-452.583,-803.436,3.211,10.319,1.254,-452.583,-803.436,0.000,-9.030,2.872
51,1,-364.394,-849.443,6.301,17.201,1.146,-364.394,-849.443,0.000,-4.584,-0.132
51,2,-530.116,-802.715,9.231,19.825,0.069,-530.116,-802.715,0.000,-3.718,8.660
51,0,-452.583,-803.436,3.211,10.319,1.254,-452.583,-803.436,0.000,-9.030,2.872
51,1,-364.394,-849.443,6.301,17.201,1.146,-364.394,-849.443,0.000,-4.584,-0.132
51,2,-530.116,-802.715,9.231,19.825,0.069,-530.116,-802.715,0.000,-3.718,8.660
51,0,-452.583,-803.436,3.211,10.319,1.254,-452.583,-803.436,0.000,-9.030,2.872
51,1,-364.394,-849.443,6.301,17.201,1.146,-364.394,-849.443,0.000,-4.584,-0.132
51,2,-530.116,-802.715,9.231,19.825,0.069,-530.116,-802.715,0.000,-3.718,8.660
52,0,-457.334,-802.342,2.868,10.667,1.279,-457.334,-802.342,0.000,-9.040,2.689
52,1,-366.504,-849.492,7.496,9.043,0.610,-366.504,-849.492,0.000,-4.449,-0.121
52,2,-532.499,-798.557,8.596,18.378,0.091,-532.499,-798.557,0.000,-3.912,8.491
52,0,-457.334,-802.342,2.868,10.667,1.279,-457.334,-802.342,0.000,-9.040,2.689
52,1,-366.504,-849.492,7.496,9.043,0.610,-366.504,-849.492,0.000,-4.449,-0.121
52,2,-532.499,-798.557,8.596,18.378,0.091,-532.499,-798.557,0.000,-3.912,8.491
52,0,-457.334,-802.342,2.868,10.667,1.279,-457.334,-802.342,0.000,-9.040,2.689
52,1,-366.504,-849.492,7.496,9.043,0.610,-366.504,-849.492,0.000,-4.449,-0.121
52,2,-532.499,-798.557,8.596,18.378,0.091,-532.499,-798.557,0.000,-3.912,8.491
53,0,-461.234,-801.399,3.691,9.793,1.395,-461.234,-801.399,0.000,-9.045,2.593
53,1,-368.291,-849.579,7.699,8.905,0.497,-368.291,-849.579,0.000,-4.391,-0.140
53,2,-534.380,-795.191,13.747,12.741,0.666,-534.380,-795.191,0.000,-3.999,8.357
53,0,-461.234,-801.399,3.691,9.793,1.395,-461.234,-801.399,0.000,-9.045,2.593
53,1,-368.291,-849.579,7.699,8.905,0.497,-368.291,-849.579,0.000,-4.391,-0.140
53,2,-534.380,-795.191,13.747,12.741,0.666,-534.380,-795.191,0.000,-3.999,8.357
53,0,-461.234,-801.399,3.691,9.793,1.395,-461.234,-801.399,0.000,-9.045,2.593
53,1,-368.291,-849.579,7.699,8.905,0.497,-368.291,-849.579,0.000,-4.391,-0.140
53,2,-534.380,-795.191,13.747,12.741,0.666,-534.380,-795.191,0.000,-3.999,8.357
54,0,-465.051,-800.630,6.219,6.603,0.693,-465.051,-800.630,0.000,-9.050,2.446
54,1,-369.959,-849.615,7.224,8.933,0.560,-369.959,-849.615,0.000,-4.309,-0.132
54,2,-536.255,-792.385,18.300,7.312,1.513,-536.255,-792.385,0.000,-4.092,8.037
54,0,-465.051,-800.630,6.219,6.603,0.693,-465.051,-800.630,0.000,-9.050,2.446
54,1,-369.959,-849.615,7.224,8.933,0.560,-369.959,-849.615,0.000,-4.309,-0.132
54,2,-536.255,-792.385,18.300,7.312,1.513,-536.255,-792.385,0.000,-4.092,8.037
54,0,-465.051,-800.630,6.219,6.603,0.693,-465.051,-800.630,0.000,-9.050,2.446
54,1,-369.959,-849.615,7.224,8.933,0.560,-369.959,-849.615,0.000,-4.309,-0.132
54,2,-536.255,-792.385,18.300,7.312,1.513,-536.255,-792.385,0.000,-4.092,8.037
55,0,-467.870,-800.130,9.040,4.290,0.020,-467.870,-800.130,0.000,-9.050,2.330
55,1,-371.290,-849.730,7.070,8.560,0.330,-371.290,-849.730,0.000,-4.300,-0.160
55,2,-537.780,-789.970,8.850,17.450,0.080,-537.780,-789.970,0.000,-4.200,8.000
55,0,-467.870,-800.130,9.040,4.290,0.020,-467.870,-800.130,0.000,-9.050,2.330
55,1,-371.290,-849.730,7.070,8.560,0.330,-371.290,-849.730,0.000,-4.300,-0.160
55,2,-537.780,-789.970,8.850,17.450,0.080,-537.780,-789.970,0.000,-4.200,8.000
55,0,-467.870,-800.130,9.040,4.290,0.020,-467.870,-800.130,0.000,-9.050,2.330
55,1,-371.290,-849.730,7.070,8.560,0.330,-371.290,-849.730,0.000,-4.300,-0.160
55,2,-537.780,-789.970,8.850,17.450,0.080,-537.780,-789.970,0.000,-4.200,8.000
56,0,-473.076,-799.092,9.536,3.235,0.105,-473.076,-799.092,0.000,-9.085,2.205
56,1,-373.616,-849.645,8.394,9.834,0.412,-373.616,-849.645,0.000,-4.255,-0.085
56,2,-540.600,-785.876,14.970,6.101,1.336,-540.600,-785.876,0.000,-4.395,7.801
56,0,-473.076,-799.092,9.536,3.235,0.105,-473.076,-799.092,0.000,-9.085,2.205
56,1,-373.616,-849.645,8.394,9.834,0.412,-373.616,-849.645,0.000,-4.255,-0.085
56,2,-540.600,-785.876,14.970,6.101,1.336,-540.600,-785.876,0.000,-4.395,7.801
56,0,-473.076,-799.092,9.536,3.235,0.105,-473.076,-799.092,0.000,-9.085,2.205
56,1,-373.616,-849.645,8.394,9.834,0.412,-373.616,-849.645,0.000,-4.255,-0.085
56,2,-540.600,-785.876,14.970,6.101,1.336,-540.600,-785.876,0.000,-4.395,7.801
57,0,-477.150,-798.393,10.146,4.942,0.082,-477.150,-798.393,0.000,-9.228,2.103
57,1,-375.160,-849.754,7.396,13.789,0.609,-375.160,-849.754,0.000,-4.154,-0.127
57,2,-542.790,-783.570,13.480,3.610,0.980,-542.790,-783.570,0.000,-4.560,7.360
57,0,-477.150,-798.393,10.146,4.942,0.082,-477.150,-798.393,0.000,-9.228,2.103
57,1,-375.160,-849.754,7.396,13.789,0.609,-375.160,-849.754,0.000,-4.154,-0.127
57,2,-542.790,-783.570,13.480,3.610,0.980,-542.790,-783.570,0.000,-4.560,7.360
57,0,-477.150,-798.393,10.146,4.942,0.082,-477.150,-798.393,0.000,-9.228,2.103
57,1,-375.160,-849.754,7.396,13.789,0.609,-375.160,-849.754,0.000,-4.154,-0.127
57,2,-542.790,-783.570,13.480,3.610,0.980,-542.790,-783.570,0.000,-4.560,7.360
58,0,-481.240,-797.936,8.105,4.857,0.243,-481.240,-797.936,0.000,-9.311,1.899
58,1,-376.931,-849.755,7.009,10.194,0.403,-376.931,-849.755,0.000,-4.159,-0.097
58,2,-545.207,-781.233,12.063,1.640,0.744,-545.207,-781.233,0.000,-4.791,7.018
58,0,-481.240,-797.936,8.105,4.857,0.243,-481.240,-797.936,0.000,-9.311,1.899
58,1,-376.931,-849.755,7.009,10.194,0.403,-376.931,-849.755,0.000,-4.159,-0.097
58,2,-545.207,-781.233,12.063,1.640,0.744,-545.207,-781.233,0.000,-4.791,7.018
58,0,-481.240,-797.936,8.105,4.857,0.243,-481.240,-797.936,0.000,-9.311,1.899
58,1,-376.931,-849.755,7.009,10.194,0.403,-376.931,-849.755,0.000,-4.159,-0.097
58,2,-545.207,-781.233,12.063,1.640,0.744,-545.207,-781.233,0.000,-4.791,7.018
59,0,-485.811,-797.346,2.920,13.525,1.517,-485.811,-797.346,0.000,-9.482,1.789
59,1,-378.853,-849.418,9.640,8.937,0.259,-378.853,-849.418,0.000,-4.180,0.061
59,2,-547.863,-778.311,10.087,5.237,1.032,-547.863,-778.311,0.000,-5.016,6.926
59,0,-485.811,-797.346,2.920,13.525,1.517,-485.811,-797.346,0.000,-9.482,1.789
59,1,-378.853,-849.418,9.640,8.937,0.259,-378.853,-849.418,0.000,-4.180,0.061
59,2,-547.863,-778.311,10.087,5.237,1.032,-547.863,-778.311,0.000,-5.016,6.926
59,0,-485.811,-797.346,2.920,13.525,1.517,-485.811,-797.346,0.000,-9.482,1.789
59,1,-378.853,-849.418,9.640,8.937,0.259,-378.853,-849.418,0.000,-4.180,0.061
59,2,-547.863,-778.311,10.087,5.237,1.032,-547.863,-778.311,0.000,-5.016,6.926
60,0,-490.090,-796.820,4.350,12.110,1.550,-490.090,-796.820,0.000,-9.640,1.690
60,1,-380.750,-849.170,8.220,8.680,1.470,-380.750,-849.170,0.000,-4.260,0.160
60,2,-549.790,-775.960,9.670,5.560,1.240,-549.790,-775.960,0.000,-5.180,7.000
60,0,-490.090,-796.820,4.350,12.110,1.550,-490.090,-796.820,0.000,-9.640,1.690
60,1,-380.750,-849.170,8.220,8.680,1.470,-380.750,-849.170,0.000,-4.260,0.160
60,2,-549.790,-775.960,9.670,5.560,1.240,-549.790,-775.960,0.000,-5.180,7.000
60,0,-490.090,-796.820,4.350,12.110,1.550,-490.090,-796.820,0.000,-9.640,1.690
60,1,-380.750,-849.170,8.220,8.680,1.470,-380.750,-849.170,0.000,-4.260,0.160
60,2,-549.790,-775.960,9.670,5.560,1.240,-549.790,-775.960,0.000,-5.180,7.000
61,0,-494.210,-796.601,8.546,4.378,0.177,-494.210,-796.601,0.000,-9.700,1.471
61,1,-382.482,-849.051,9.944,9.132,1.377,-382.482,-849.051,0.000,-4.240,0.180
61,2,-552.530,-773.010,10.110,5.960,1.240,-552.530,-773.010,0.000,-5.430,7.020
61,0,-494.210,-796.601,8.546,4.378,0.177,-494.210,-796.601,0.000,-9.700,1.471
61,1,-382.482,-849.051,9.944,9.132,1.377,-382.482,-849.051,0.000,-4.240,0.180
61,2,-552.530,-773.010,10.110,5.960,1.240,-552.530,-773.010,0.000,-5.430,7.020
61,0,-494.210,-796.601,8.546,4.378,0.177,-494.210,-796.601,0.000,-9.700,1.471
61,1,-382.482,-849.051,9.944,9.132,1.377,-382.482,-849.051,0.000,-4.240,0.180
61,2,-552.530,-773.010,10.110,5.960,1.240,-552.530,-773.010,0.000,-5.430,7.020
62,0,-498.399,-796.069,3.220,8.111,1.540,-498.399,-796.069,0.000,-9.680,1.420
62,1,-384.284,-849.010,8.988,8.048,1.460,-384.284,-849.010,0.000,-4.210,0.170
62,2,-555.790,-769.110,10.640,5.730,1.220,-555.790,-769.110,0.000,-5.590,7.090
62,0,-498.399,-796.069,3.220,8.111,1.540,-498.399,-796.069,0.000,-9.680,1.420
62,1,-384.284,-849.010,8.988,8.048,1.460,-384.284,-849.010,0.000,-4.210,0.170
62,2,-555.790,-769.110,10.640,5.730,1.220,-555.790,-769.110,0.000,-5.590,7.090
62,0,-498.399,-796.069,3.220,8.111,1.540,-498.399,-796.069,0.000,-9.680,1.420
62,1,-384.284,-849.010,8.988,8.048,1.460,-384.284,-849.010,0.000,-4.210,0.170
62,2,-555.790,-769.110,10.640,5.730,1.220,-555.790,-769.110,0.000,-5.590,7.090
63,0,-503.382,-795.612,7.260,4.828,0.291,-503.382,-795.612,0.000,-9.589,1.286
63,1,-385.802,-848.599,14.446,8.440,0.970,-385.802,-848.599,0.000,-3.897,0.310
63,0,-503.382,-795.612,7.260,4.828,0.291,-503.382,-795.612,0.000,-9.589,1.286
63,1,-385.802,-848.599,14.446,8.440,0.970,-385.802,-848.599,0.000,-3.897,0.310
63,0,-503.382,-795.612,7.260,4.828,0.291,-503.382,-795.612,0.000,-9.589,1.286
63,1,-385.802,-848.599,14.446,8.440,0.970,-385.802,-848.599,0.000,-3.897,0.310
65,0,-511.519,-795.069,9.490,4.768,0.197,-511.519,-795.069,0.000,-9.530,1.059
65,1,-387.196,-848.068,29.507,7.247,0.449,-387.196,-848.068,0.000,-3.075,0.420
65,2,-564.680,-759.250,12.430,5.340,1.160,-564.680,-759.250,0.000,-5.940,7.070
65,0,-511.519,-795.069,9.490,4.768,0.197,-511.519,-795.069,0.000,-9.530,1.059
65,1,-387.196,-848.068,29.507,7.247,0.449,-387.196,-848.068,0.000,-3.075,0.420
65,2,-564.680,-759.250,12.430,5.340,1.160,-564.680,-759.250,0.000,-5.940,7.070
65,0,-511.519,-795.069,9.490,4.768,0.197,-511.519,-795.069,0.000,-9.530,1.059
65,1,-387.196,-848.068,29.507,7.247,0.449,-387.196,-848.068,0.000,-3.075,0.420
65,2,-564.680,-759.250,12.430,5.340,1.160,-564.680,-759.250,0.000,-5.940,7.070
66,0,-515.750,-794.880,7.050,3.960,0.010,-515.750,-794.880,0.000,-9.580,0.940
66,1,-386.870,-847.730,36.680,6.940,0.370,-386.870,-847.730,0.000,-2.330,0.490
66,0,-515.750,-794.880,7.050,3.960,0.010,-515.750,-794.880,0.000,-9.580,0.940
66,1,-386.870,-847.730,36.680,6.940,0.370,-386.870,-847.730,0.000,-2.330,0.490
66,0,-515.750,-794.880,7.050,3.960,0.010,-515.750,-794.880,0.000,-9.580,0.940
66,1,-386.870,-847.730,36.680,6.940,0.370,-386.870,-847.730,0.000,-2.330,0.490
67,0,-519.923,-794.981,7.552,5.629,0.461,-519.923,-794.981,0.000,-9.523,0.687
67,1,-387.178,-847.534,31.465,7.033,0.361,-387.178,-847.534,0.000,-1.993,0.474
67,0,-519.923,-794.981,7.552,5.629,0.461,-519.923,-794.981,0.000,-9.523,0.687
67,1,-387.178,-847.534,31.465,7.033,0.361,-387.178,-847.534,0.000,-1.993,0.474
67,0,-519.923,-794.981,7.552,5.629,0.461,-519.923,-794.981,0.000,-9.523,0.687
67,1,-387.178,-847.534,31.465,7.033,0.361,-387.178,-847.534,0.000,-1.993,0.474
68,0,-524.010,-795.110,7.580,5.090,0.480,-524.010,-795.110,0.000,-9.420,0.480
68,1,-387.880,-847.470,28.730,5.630,0.350,-387.880,-847.470,0.000,-1.900,0.400
68,0,-524.010,-795.110,7.580,5.090,0.480,-524.010,-795.110,0.000,-9.420,0.480
68,1,-387.880,-847.470,28.730,5.630,0.350,-387.880,-847.470,0.000,-1.900,0.400
68,0,-524.010,-795.110,7.580,5.090,0.480,-524.010,-795.110,0.000,-9.420,0.480
68,1,-387.880,-847.470,28.730,5.630,0.350,-387.880,-847.470,0.000,-1.900,0.400
69,0,-527.460,-795.420,7.800,4.540,0.470,-527.460,-795.420,0.000,-9.560,0.260
69,1,-388.800,-847.580,31.110,3.510,0.250,-388.800,-847.580,0.000,-2.030,0.290
69,0,-527.460,-795.420,7.800,4.540,0.470,-527.460,-795.420,0.000,-9.560,0.260
69,1,-388.800,-847.580,31.110,3.510,0.250,-388.800,-847.580,0.000,-2.030,0.290
69,0,-527.460,-795.420,7.800,4.540,0.470,-527.460,-795.420,0.000,-9.560,0.260
69,1,-388.800,-847.580,31.110,3.510,0.250,-388.800,-847.580,0.000,-2.030,0.290
70,0,-532.689,-795.583,11.938,3.430,0.249,-532.689,-795.583,0.000,-9.601,0.118
70,1,-390.327,-847.600,31.792,5.500,0.356,-390.327,-847.600,0.000,-2.234,0.210
70,0,-532.689,-795.583,11.938,3.430,0.249,-532.689,-795.583,0.000,-9.601,0.118
70,1,-390.327,-847.600,31.792,5.500,0.356,-390.327,-847.600,0.000,-2.234,0.210
70,0,-532.689,-795.583,11.938,3.430,0.249,-532.689,-795.583,0.000,-9.601,0.118
70,1,-390.327,-847.600,31.792,5.500,0.356,-390.327,-847.600,0.000,-2.234,0.210
71,0,-536.720,-795.770,7.740,4.140,0.440,-536.720,-795.770,0.000,-9.560,0.020
71,1,-391.800,-847.590,32.530,3.160,0.260,-391.800,-847.590,0.000,-2.460,0.170
71,0,-536.720,-795.770,7.740,4.140,0.440,-536.720,-795.770,0.000,-9.560,0.020
71,1,-391.800,-847.590,32.530,3.160,0.260,-391.800,-847.590,0.000,-2.460,0.170
71,0,-536.720,-795.770,7.740,4.140,0.440,-536.720,-795.770,0.000,-9.560,0.020
71,1,-391.800,-847.590,32.530,3.160,0.260,-391.800,-847.590,0.000,-2.460,0.170
72,0,-540.680,-796.039,8.759,2.761,0.470,-540.680,-796.039,0.000,-9.620,-0.110
72,1,-393.556,-847.670,33.269,3.319,0.250,-393.556,-847.670,0.000,-2.799,0.110
72,0,-540.680,-796.039,8.759,2.761,0.470,-540.680,-796.039,0.000,-9.620,-0.110
72,1,-393.556,-847.670,33.269,3.319,0.250,-393.556,-847.670,0.000,-2.799,0.110
72,0,-540.680,-796.039,8.759,2.761,0.470,-540.680,-796.039,0.000,-9.620,-0.110
72,1,-393.556,-847.670,33.269,3.319,0.250,-393.556,-847.670,0.000,-2.799,0.110
73,0,-544.897,-796.282,7.972,3.898,0.582,-544.897,-796.282,0.000,-9.629,-0.191
73,1,-395.120,-847.792,33.070,3.828,0.250,-395.120,-847.792,0.000,-2.962,0.029
73,0,-544.897,-796.282,7.972,3.898,0.582,-544.897,-796.282,0.000,-9.629,-0.191
73,1,-395.120,-847.792,33.070,3.828,0.250,-395.120,-847.792,0.000,-2.962,0.029
73,0,-544.897,-796.282,7.972,3.898,0.582,-544.897,-796.282,0.000,-9.629,-0.191
73,1,-395.120,-847.792,33.070,3.828,0.250,-395.120,-847.792,0.000,-2.962,0.029
74,0,-548.860,-796.740,5.730,3.490,0.730,-548.860,-796.740,0.000,-9.540,-0.360
74,1,-397.110,-848.070,32.130,3.410,0.250,-397.110,-848.070,0.000,-3.270,-0.100
74,0,-548.860,-796.740,5.730,3.490,0.730,-548.860,-796.740,0.000,-9.540,-0.360
74,1,-397.110,-848.070,32.130,3.410,0.250,-397.110,-848.070,0.000,-3.270,-0.100
74,0,-548.860,-796.740,5.730,3.490,0.730,-548.860,-796.740,0.000,-9.540,-0.360
74,1,-397.110,-848.070,32.130,3.410,0.250,-397.110,-848.070,0.000,-3.270,-0.100
75,0,-553.246,-797.222,8.600,2.258,0.654,-553.246,-797.222,0.000,-9.726,-0.516
75,1,-398.994,-848.271,32.517,4.304,0.304,-398.994,-848.271,0.000,-3.501,-0.170
75,0,-553.246,-797.222,8.600,2.258,0.654,-553.246,-797.222,0.000,-9.726,-0.516
75,1,-398.994,-848.271,32.517,4.304,0.304,-398.994,-848.271,0.000,-3.501,-0.170
75,0,-553.246,-797.222,8.600,2.258,0.654,-553.246,-797.222,0.000,-9.726,-0.516
75,1,-398.994,-848.271,32.517,4.304,0.304,-398.994,-848.271,0.000,-3.501,-0.170
76,0,-557.765,-797.857,8.052,3.235,0.898,-557.765,-797.857,0.000,-9.878,-0.704
76,1,-400.965,-848.526,31.580,4.081,0.255,-400.965,-848.526,0.000,-3.716,-0.250
76,0,-557.765,-797.857,8.052,3.235,0.898,-557.765,-797.857,0.000,-9.878,-0.704
76,1,-400.965,-848.526,31.580,4.081,0.255,-400.965,-848.526,0.000,-3.716,-0.250
76,0,-557.765,-797.857,8.052,3.235,0.898,-557.765,-797.857,0.000,-9.878,-0.704
76,1,-400.965,-848.526,31.580,4.081,0.255,-400.965,-848.526,0.000,-3.716,-0.250
78,0,-566.982,-798.722,7.412,4.310,0.670,-566.982,-798.722,0.000,-9.810,-0.807
78,1,-404.894,-848.878,31.090,3.096,0.250,-404.894,-848.878,0.000,-3.879,-0.310
78,0,-566.982,-798.722,7.412,4.310,0.670,-566.982,-798.722,0.000,-9.810,-0.807
78,1,-404.894,-848.878,31.090,3.096,0.250,-404.894,-848.878,0.000,-3.879,-0.310
78,0,-566.982,-798.722,7.412,4.310,0.670,-566.982,-798.722,0.000,-9.810,-0.807
78,1,-404.894,-848.878,31.090,3.096,0.250,-404.894,-848.878,0.000,-3.879,-0.310
79,0,-570.320,-799.240,7.370,6.650,0.690,-570.320,-799.240,0.000,-9.820,-0.920
79,1,-406.749,-849.069,30.952,3.697,0.245,-406.749,-849.069,0.000,-3.949,-0.328
79,0,-570.320,-799.240,7.370,6.650,0.690,-570.320,-799.240,0.000,-9.820,-0.920
79,1,-406.749,-849.069,30.952,3.697,0.245,-406.749,-849.069,0.000,-3.949,-0.328
79,0,-570.320,-799.240,7.370,6.650,0.690,-570.320,-799.240,0.000,-9.820,-0.920
79,1,-406.749,-849.069,30.952,3.697,0.245,-406.749,-849.069,0.000,-3.949,-0.328
80,1,-408.550,-849.350,30.580,3.540,0.260,-408.550,-849.350,0.000,-3.990,-0.400
80,1,-408.550,-849.350,30.580,3.540,0.260,-408.550,-849.350,0.000,-3.990,-0.400
80,1,-408.550,-849.350,30.580,3.540,0.260,-408.550,-849.350,0.000,-3.990,-0.400
81,1,-410.267,-849.558,30.470,3.158,0.245,-410.267,-849.558,0.000,-4.020,-0.415
81,1,-410.267,-849.558,30.470,3.158,0.245,-410.267,-849.558,0.000,-4.020,-0.415
81,1,-410.267,-849.558,30.470,3.158,0.245,-410.267,-849.558,0.000,-4.020,-0.415
82,1,-411.964,-849.689,31.050,3.214,0.240,-411.964,-849.689,0.000,-4.030,-0.400
82,3,-628.410,-716.840,8.550,0.040,1.190,-628.410,-716.840,0.000,-8.710,4.730
82,1,-411.964,-849.689,31.050,3.214,0.240,-411.964,-849.689,0.000,-4.030,-0.400
82,3,-628.410,-716.840,8.550,0.040,1.190,-628.410,-716.840,0.000,-8.710,4.730
82,1,-411.964,-849.689,31.050,3.214,0.240,-411.964,-849.689,0.000,-4.030,-0.400
82,3,-628.410,-716.840,8.550,0.040,1.190,-628.410,-716.840,0.000,-8.710,4.730
83,1,-413.955,-849.810,30.807,3.213,0.250,-413.955,-849.810,0.000,-3.980,-0.359
83,3,-632.190,-715.330,9.100,0.050,1.200,-632.190,-715.330,0.000,-8.710,4.480
83,1,-413.955,-849.810,30.807,3.213,0.250,-413.955,-849.810,0.000,-3.980,-0.359
83,3,-632.190,-715.330,9.100,0.050,1.200,-632.190,-715.330,0.000,-8.710,4.480
83,1,-413.955,-849.810,30.807,3.213,0.250,-413.955,-849.810,0.000,-3.980,-0.359
83,3,-632.190,-715.330,9.100,0.050,1.200,-632.190,-715.330,0.000,-8.710,4.480
84,1,-415.260,-849.940,31.040,3.740,0.240,-415.260,-849.940,0.000,-3.970,-0.360
84,1,-415.260,-849.940,31.040,3.740,0.240,-415.260,-849.940,0.000,-3.970,-0.360
84,1,-415.260,-849.940,31.040,3.740,0.240,-415.260,-849.940,0.000,-3.970,-0.360
