0.96,1,1,-279.38,-926.75,1.04,1.39,2.15,-279.38,-926.75,0.0
0.96,1,2,-270.32,-840.13,2.08,7.03,-3.05,-270.32,-840.13,0.0
0.96,1,3,-548.71,-1011.30,2.50,8.14,0.92,-548.71,-1011.30,0.0
1.082,2,1,-280.14,-925.58,1.04,1.39,2.15,-280.14,-925.58,0.0
1.082,2,2,-270.88,-840.18,2.08,7.03,-3.05,-270.88,-840.18,0.0
1.082,2,3,-547.87,-1010.18,2.50,8.14,0.93,-547.87,-1010.18,0.0
1.204,3,1,-280.80,-924.58,1.04,1.39,2.15,-280.80,-924.58,0.0
1.204,3,2,-271.36,-840.22,2.08,7.03,-3.05,-271.36,-840.22,0.0
1.204,3,3,-547.16,-1009.21,2.50,8.14,0.94,-547.16,-1009.21,0.0
1.308,4,1,-281.35,-923.74,1.04,1.39,2.16,-281.35,-923.74,0.0
1.308,4,2,-271.76,-840.26,2.08,7.03,-3.05,-271.76,-840.26,0.0
1.308,4,3,-546.57,-1008.41,2.50,8.14,0.94,-546.57,-1008.41,0.0
1.423,5,1,-282.02,-922.75,1.04,1.39,2.16,-282.02,-922.75,0.0
1.423,5,2,-272.24,-840.30,2.08,7.03,-3.05,-272.24,-840.30,0.0
1.423,5,3,-545.86,-1007.44,2.50,8.14,0.95,-545.86,-1007.44,0.0
1.525,6,1,-282.58,-921.92,1.04,1.39,2.17,-282.58,-921.92,0.0
1.525,6,2,-272.64,-840.34,2.08,7.03,-3.05,-272.64,-840.34,0.0
1.525,6,3,-545.28,-1006.62,2.50,8.14,0.95,-545.28,-1006.62,0.0
1.626,7,1,-283.14,-921.09,1.04,1.39,2.17,-283.14,-921.09,0.0
1.626,7,2,-273.03,-840.37,2.08,7.03,-3.05,-273.03,-840.37,0.0
1.626,7,3,-544.70,-1005.80,2.50,8.14,0.96,-544.70,-1005.80,0.0
1.726,8,1,-283.70,-920.26,1.04,1.39,2.17,-283.70,-920.26,0.0
1.726,8,2,-273.43,-840.41,2.08,7.03,-3.05,-273.43,-840.41,0.0
1.726,8,3,-544.13,-1004.99,2.50,8.14,0.96,-544.13,-1004.99,0.0
1.842,9,1,-284.38,-919.28,1.04,1.39,2.18,-284.38,-919.28,0.0
1.842,9,2,-273.91,-840.45,2.08,7.03,-3.05,-273.91,-840.45,0.0
1.842,9,3,-543.45,-1004.00,2.50,8.14,0.97,-543.45,-1004.00,0.0
1.942,10,1,-284.96,-918.45,1.04,1.39,2.18,-284.96,-918.45,0.0
1.942,10,2,-274.31,-840.48,2.08,7.03,-3.05,-274.31,-840.48,0.0
1.942,10,3,-542.88,-1003.17,2.50,8.14,0.98,-542.88,-1003.17,0.0
2.042,11,1,-285.53,-917.63,1.04,1.39,2.18,-285.53,-917.63,0.0
2.042,11,2,-274.71,-840.52,2.08,7.03,-3.05,-274.71,-840.52,0.0
2.042,11,3,-542.33,-1002.34,2.50,8.14,0.98,-542.33,-1002.34,0.0
2.159,12,1,-286.11,-916.82,1.04,1.39,2.19,-286.11,-916.82,0.0
2.159,12,2,-275.11,-840.55,2.08,7.03,-3.05,-275.11,-840.55,0.0
2.159,12,3,-541.77,-1001.51,2.50,8.14,0.99,-541.77,-1001.51,0.0
2.26,13,1,-286.80,-915.84,1.04,1.39,2.19,-286.80,-915.84,0.0
2.26,13,2,-275.58,-840.59,2.08,7.03,-3.05,-275.58,-840.59,0.0
2.26,13,3,-541.11,-1000.51,2.50,8.14,0.99,-541.11,-1000.51,0.0
2.363,14,1,-287.38,-915.03,1.04,1.39,2.19,-287.38,-915.03,0.0
2.363,14,2,-275.98,-840.63,2.08,7.03,-3.05,-275.98,-840.63,0.0
2.363,14,3,-540.57,-999.67,2.50,8.14,1.00,-540.57,-999.67,0.0
2.48,15,1,-288.09,-914.05,1.04,1.39,2.20,-288.09,-914.05,0.0
2.48,15,2,-276.46,-840.67,2.08,7.03,-3.05,-276.46,-840.67,0.0
2.48,15,3,-539.92,-998.66,2.50,8.14,1.00,-539.92,-998.66,0.0
2.593,16,1,-288.68,-913.25,1.04,1.39,2.20,-288.68,-913.25,0.0
2.593,16,2,-276.86,-840.70,2.08,7.03,-3.05,-276.86,-840.70,0.0
2.593,16,3,-539.38,-997.82,2.50,8.14,1.01,-539.38,-997.82,0.0
2.693,17,1,-289.27,-912.44,1.04,1.39,2.21,-289.27,-912.44,0.0
2.693,17,2,-277.26,-840.74,2.08,7.03,-3.05,-277.26,-840.74,0.0
2.693,17,3,-538.85,-996.97,2.50,8.14,1.01,-538.85,-996.97,0.0
2.793,18,1,-289.86,-911.64,1.04,1.39,2.21,-289.86,-911.64,0.0
2.793,18,2,-277.66,-840.77,2.08,7.03,-3.05,-277.66,-840.77,0.0
2.793,18,3,-538.32,-996.12,2.50,8.14,1.02,-538.32,-996.12,0.0
2.895,19,1,-290.46,-910.83,1.04,1.39,2.21,-290.46,-910.83,0.0
2.895,19,2,-278.05,-840.81,2.08,7.03,-3.05,-278.05,-840.81,0.0
2.895,19,3,-537.80,-995.27,2.50,8.14,1.02,-537.80,-995.27,0.0
3.011,20,1,-291.18,-909.87,1.04,1.39,2.22,-291.18,-909.87,0.0
3.011,20,2,-278.53,-840.85,2.08,7.03,-3.05,-278.53,-840.85,0.0
3.011,20,3,-537.18,-994.24,2.50,8.14,1.03,-537.18,-994.24,0.0
3.127,21,1,-291.90,-908.92,1.04,1.39,2.22,-291.90,-908.92,0.0
3.127,21,2,-279.01,-840.89,2.08,7.03,-3.05,-279.01,-840.89,0.0
3.127,21,3,-536.57,-993.21,2.50,8.14,1.04,-536.57,-993.21,0.0
3.227,22,1,-292.51,-908.12,1.04,1.39,2.22,-292.51,-908.12,0.0
3.227,22,2,-279.41,-840.93,2.08,7.03,-3.05,-279.41,-840.93,0.0
3.227,22,3,-536.06,-992.35,2.50,8.14,1.04,-536.06,-992.35,0.0
3.327,23,1,-293.12,-907.33,1.04,1.39,2.23,-293.12,-907.33,0.0
3.327,23,2,-279.81,-840.96,2.08,7.03,-3.05,-279.81,-840.96,0.0
3.327,23,3,-535.56,-991.48,2.50,8.14,1.05,-535.56,-991.48,0.0
3.427,24,1,-293.73,-906.54,1.04,1.39,2.23,-293.73,-906.54,0.0
3.427,24,2,-280.21,-841.00,2.08,7.03,-3.05,-280.21,-841.00,0.0
3.427,24,3,-535.06,-990.61,2.50,8.14,1.05,-535.06,-990.61,0.0
3.545,25,1,-294.47,-905.59,1.04,1.39,2.24,-294.47,-905.59,0.0
3.545,25,2,-280.68,-841.04,2.08,7.03,-3.05,-280.68,-841.04,0.0
3.545,25,3,-534.47,-989.57,2.50,8.14,1.06,-534.47,-989.57,0.0
3.661,26,1,-295.21,-904.65,1.04,1.39,2.24,-295.21,-904.65,0.0
3.661,26,2,-281.16,-841.08,2.08,7.03,-3.05,-281.16,-841.08,0.0
3.661,26,3,-533.88,-988.52,2.50,8.14,1.07,-533.88,-988.52,0.0
3.777,27,1,-295.84,-903.87,1.04,1.39,2.24,-295.84,-903.87,0.0
3.777,27,2,-281.56,-841.12,2.08,7.03,-3.05,-281.56,-841.12,0.0
3.777,27,3,-533.40,-987.65,2.50,8.14,1.07,-533.40,-987.65,0.0
3.878,28,1,-296.46,-903.09,1.04,1.39,2.25,-296.46,-903.09,0.0
3.878,28,2,-281.96,-841.15,2.08,7.03,-3.05,-281.96,-841.15,0.0
3.878,28,3,-532.92,-986.77,2.50,8.14,1.08,-532.92,-986.77,0.0
3.994,29,1,-297.21,-902.15,1.04,1.39,2.25,-297.21,-902.15,0.0
3.994,29,2,-282.44,-841.19,2.08,7.03,-3.05,-282.44,-841.19,0.0
3.994,29,3,-532.36,-985.71,2.50,8.14,1.08,-532.36,-985.71,0.0
4.094,30,1,-297.84,-901.38,1.04,1.39,2.25,-297.84,-901.38,0.0
4.094,30,2,-282.83,-841.23,2.08,7.03,-3.05,-282.83,-841.23,0.0
4.094,30,3,-531.89,-984.83,2.50,8.14,1.09,-531.89,-984.83,0.0
4.211,31,1,-298.60,-900.45,1.04,1.39,2.26,-298.60,-900.45,0.0
4.211,31,2,-283.31,-841.27,2.08,7.03,-3.05,-283.31,-841.27,0.0
4.211,31,3,-531.33,-983.76,2.50,8.14,1.09,-531.33,-983.76,0.0
4.312,32,1,-299.24,-899.68,1.04,1.39,2.26,-299.24,-899.68,0.0
4.312,32,2,-283.71,-841.30,2.08,7.03,-3.05,-283.71,-841.30,0.0
4.312,32,3,-530.88,-982.87,2.50,8.14,1.10,-530.88,-982.87,0.0
4.428,33,1,-300.01,-898.75,1.04,1.39,2.27,-300.01,-898.75,0.0
4.428,33,2,-284.19,-841.34,2.08,7.03,-3.05,-284.19,-841.34,0.0
4.428,33,3,-530.33,-981.80,2.50,8.14,1.11,-530.33,-981.80,0.0
4.528,34,1,-300.65,-897.99,1.04,1.39,2.27,-300.65,-897.99,0.0
4.528,34,2,-284.59,-841.38,2.08,7.03,-3.05,-284.59,-841.38,0.0
4.528,34,3,-529.89,-980.91,2.50,8.14,1.11,-529.89,-980.91,0.0
4.644,35,1,-301.42,-897.07,1.04,1.39,2.27,-301.42,-897.07,0.0
4.644,35,2,-285.07,-841.42,2.08,7.03,-3.05,-285.07,-841.42,0.0
4.644,35,3,-529.36,-979.83,2.50,8.14,1.12,-529.36,-979.83,0.0
4.761,36,1,-302.20,-896.16,1.04,1.39,2.28,-302.20,-896.16,0.0
4.761,36,2,-285.54,-841.46,2.08,7.03,-3.05,-285.54,-841.46,0.0
4.761,36,3,-528.83,-978.75,2.50,8.14,1.12,-528.83,-978.75,0.0
4.878,37,1,-302.85,-895.40,1.04,1.39,2.28,-302.85,-895.40,0.0
4.878,37,2,-285.94,-841.50,2.08,7.03,-3.05,-285.94,-841.50,0.0
4.878,37,3,-528.40,-977.85,2.50,8.14,1.13,-528.40,-977.85,0.0
4.978,38,1,-303.51,-894.64,1.04,1.39,2.29,-303.51,-894.64,0.0
4.978,38,2,-286.34,-841.53,2.08,7.03,-3.05,-286.34,-841.53,0.0
4.978,38,3,-527.97,-976.95,2.50,8.14,1.13,-527.97,-976.95,0.0
5.094,39,1,-304.30,-893.74,1.04,1.39,2.29,-304.30,-893.74,0.0
5.094,39,2,-286.82,-841.57,2.08,7.03,-3.05,-286.82,-841.57,0.0
5.094,39,3,-527.47,-975.86,2.50,8.14,1.14,-527.47,-975.86,0.0
5.196,40,1,-304.95,-892.98,1.04,1.39,2.29,-304.95,-892.98,0.0
5.196,40,2,-287.22,-841.61,2.08,7.03,-3.05,-287.22,-841.61,0.0
5.196,40,3,-527.05,-974.95,2.50,8.14,1.14,-527.05,-974.95,0.0
5.383,41,1,-306.28,-891.49,1.04,1.39,2.30,-306.28,-891.49,0.0
5.383,41,2,-288.01,-841.68,2.08,7.03,-3.05,-288.01,-841.68,0.0
5.383,41,3,-526.24,-973.12,2.50,8.14,1.16,-526.24,-973.12,0.0
5.494,42,1,-306.95,-890.74,1.04,1.39,2.30,-306.95,-890.74,0.0
5.494,42,2,-288.41,-841.71,2.08,7.03,-3.05,-288.41,-841.71,0.0
5.494,42,3,-525.83,-972.21,2.50,8.14,1.16,-525.83,-972.21,0.0
5.595,43,1,-307.62,-890.00,1.04,1.39,2.31,-307.62,-890.00,0.0
5.595,43,2,-288.81,-841.75,2.08,7.03,-3.05,-288.81,-841.75,0.0
5.595,43,3,-525.44,-971.29,2.50,8.14,1.17,-525.44,-971.29,0.0
5.697,44,1,-308.29,-889.26,1.04,1.39,2.31,-308.29,-889.26,0.0
5.697,44,2,-289.21,-841.78,2.08,7.03,-3.05,-289.21,-841.78,0.0
5.697,44,3,-525.04,-970.37,2.50,8.14,1.17,-525.04,-970.37,0.0
5.813,45,1,-309.10,-888.38,1.04,1.39,2.32,-309.10,-888.38,0.0
5.813,45,2,-289.69,-841.82,2.08,7.03,-3.05,-289.69,-841.82,0.0
5.813,45,3,-524.58,-969.26,2.50,8.14,1.18,-524.58,-969.26,0.0
5.913,46,1,-309.78,-887.64,1.04,1.39,2.32,-309.78,-887.64,0.0
5.913,46,2,-290.09,-841.86,2.08,7.03,-3.05,-290.09,-841.86,0.0
5.913,46,3,-524.20,-968.34,2.50,8.14,1.18,-524.20,-968.34,0.0
6.014,47,1,-310.46,-886.91,1.04,1.39,2.32,-310.46,-886.91,0.0
6.014,47,2,-290.48,-841.89,2.08,7.03,-3.05,-290.48,-841.89,0.0
6.014,47,3,-523.82,-967.41,2.50,8.14,1.19,-523.82,-967.41,0.0
6.129,48,1,-311.28,-886.03,1.04,1.39,2.33,-311.28,-886.03,0.0
6.129,48,2,-290.96,-841.94,2.08,7.03,-3.05,-290.96,-841.94,0.0
6.129,48,3,-523.38,-966.30,2.50,8.14,1.19,-523.38,-966.30,0.0
6.23,49,1,-311.97,-885.31,1.04,1.39,2.33,-311.97,-885.31,0.0
6.23,49,2,-291.36,-841.97,2.08,7.03,-3.05,-291.36,-841.97,0.0
6.23,49,3,-523.01,-965.37,2.50,8.14,1.20,-523.01,-965.37,0.0
6.347,50,1,-312.80,-884.44,1.04,1.39,2.33,-312.80,-884.44,0.0
6.347,50,2,-291.84,-842.01,2.08,7.03,-3.05,-291.84,-842.01,0.0
6.347,50,3,-522.58,-964.25,2.50,8.14,1.21,-522.58,-964.25,0.0
6.447,51,1,-313.49,-883.72,1.04,1.39,2.34,-313.49,-883.72,0.0
6.447,51,2,-292.24,-842.05,2.08,7.03,-3.05,-292.24,-842.05,0.0
6.447,51,3,-522.22,-963.31,2.50,8.14,1.21,-522.22,-963.31,0.0
6.563,52,1,-314.32,-882.85,1.04,1.39,2.34,-314.32,-882.85,0.0
6.563,52,2,-292.72,-842.09,2.08,7.03,-3.05,-292.72,-842.09,0.0
6.563,52,3,-521.80,-962.19,2.50,8.14,1.22,-521.80,-962.19,0.0
6.666,53,1,-315.02,-882.14,1.04,1.39,2.35,-315.02,-882.14,0.0
6.666,53,2,-293.11,-842.12,2.08,7.03,-3.05,-293.11,-842.12,0.0
6.666,53,3,-521.46,-961.25,2.50,8.14,1.22,-521.46,-961.25,0.0
6.781,54,1,-315.86,-881.28,1.04,1.39,2.35,-315.86,-881.28,0.0
6.781,54,2,-293.59,-842.17,2.08,7.03,-3.05,-293.59,-842.17,0.0
6.781,54,3,-521.05,-960.12,2.50,8.14,1.23,-521.05,-960.12,0.0
6.882,55,1,-316.56,-880.57,1.04,1.39,2.35,-316.56,-880.57,0.0
6.882,55,2,-293.99,-842.20,2.08,7.03,-3.05,-293.99,-842.20,0.0
6.882,55,3,-520.72,-959.18,2.50,8.14,1.23,-520.72,-959.18,0.0
6.998,56,1,-317.27,-879.86,1.04,1.39,2.36,-317.27,-879.86,0.0
6.998,56,2,-294.39,-842.24,2.08,7.03,-3.05,-294.39,-842.24,0.0
6.998,56,3,-520.39,-958.23,2.50,8.14,1.24,-520.39,-958.23,0.0
7.098,57,1,-317.98,-879.16,1.04,1.39,2.36,-317.98,-879.16,0.0
7.098,57,2,-294.79,-842.27,2.08,7.03,-3.05,-294.79,-842.27,0.0
7.098,57,3,-520.07,-957.29,2.50,8.14,1.24,-520.07,-957.29,0.0
7.215,58,1,-318.83,-878.31,1.04,1.39,2.36,-318.83,-878.31,0.0
7.215,58,2,-295.26,-842.31,2.08,7.03,-3.05,-295.26,-842.31,0.0
7.215,58,3,-519.69,-956.15,2.50,8.14,1.25,-519.69,-956.15,0.0
7.315,59,1,-319.54,-877.61,1.04,1.39,2.37,-319.54,-877.61,0.0
7.315,59,2,-295.66,-842.35,2.08,7.03,-3.05,-295.66,-842.35,0.0
7.315,59,3,-519.37,-955.20,2.50,8.14,1.26,-519.37,-955.20,0.0
7.432,60,1,-320.40,-876.77,1.04,1.39,2.37,-320.40,-876.77,0.0
7.432,60,2,-296.14,-842.39,2.08,7.03,-3.05,-296.14,-842.39,0.0
7.432,60,3,-519.00,-954.06,2.50,8.14,1.26,-519.00,-954.06,0.0
7.549,61,1,-321.27,-875.94,1.04,1.39,2.38,-321.27,-875.94,0.0
7.549,61,2,-296.62,-842.43,2.08,7.03,-3.05,-296.62,-842.43,0.0
7.549,61,3,-518.64,-952.91,2.50,8.14,1.27,-518.64,-952.91,0.0
7.665,62,1,-322.13,-875.11,1.04,1.39,2.38,-322.13,-875.11,0.0
7.665,62,2,-297.10,-842.47,2.08,7.03,-3.05,-297.10,-842.47,0.0
7.665,62,3,-518.29,-951.77,2.50,8.14,1.27,-518.29,-951.77,0.0
7.782,63,1,-323.00,-874.28,1.04,1.39,2.38,-323.00,-874.28,0.0
7.782,63,2,-297.58,-842.51,2.08,7.03,-3.05,-297.58,-842.51,0.0
7.782,63,3,-517.94,-950.62,2.50,8.14,1.28,-517.94,-950.62,0.0
7.898,64,1,-323.73,-873.60,1.04,1.39,2.39,-323.73,-873.60,0.0
7.898,64,2,-297.97,-842.55,2.08,7.03,-3.05,-297.97,-842.55,0.0
7.898,64,3,-517.66,-949.66,2.50,8.14,1.29,-517.66,-949.66,0.0
7.998,65,1,-324.46,-872.91,1.04,1.39,2.39,-324.46,-872.91,0.0
7.998,65,2,-298.37,-842.58,2.08,7.03,-3.05,-298.37,-842.58,0.0
7.998,65,3,-517.38,-948.70,2.50,8.14,1.29,-517.38,-948.70,0.0
8.099,66,1,-325.19,-872.23,1.04,1.39,2.39,-325.19,-872.23,0.0
8.099,66,2,-298.77,-842.62,2.08,7.03,-3.05,-298.77,-842.62,0.0
8.099,66,3,-517.11,-947.74,2.50,8.14,1.30,-517.11,-947.74,0.0
8.199,67,1,-325.93,-871.55,1.04,1.39,2.40,-325.93,-871.55,0.0
8.199,67,2,-299.17,-842.65,2.08,7.03,-3.05,-299.17,-842.65,0.0
8.199,67,3,-516.84,-946.77,2.50,8.14,1.30,-516.84,-946.77,0.0
8.316,68,1,-326.81,-870.74,1.04,1.39,2.40,-326.81,-870.74,0.0
8.316,68,2,-299.65,-842.69,2.08,7.03,-3.05,-299.65,-842.69,0.0
8.316,68,3,-516.52,-945.62,2.50,8.14,1.31,-516.52,-945.62,0.0
8.418,69,1,-327.55,-870.07,1.04,1.39,2.41,-327.55,-870.07,0.0
8.418,69,2,-300.05,-842.73,2.08,7.03,-3.05,-300.05,-842.73,0.0
8.418,69,3,-516.26,-944.65,2.50,8.14,1.31,-516.26,-944.65,0.0
8.533,70,1,-328.44,-869.27,1.04,1.39,2.41,-328.44,-869.27,0.0
8.533,70,2,-300.52,-842.77,2.08,7.03,-3.05,-300.52,-842.77,0.0
8.533,70,3,-515.96,-943.49,2.50,8.14,1.32,-515.96,-943.49,0.0
8.65,71,1,-329.34,-868.47,1.04,1.39,2.41,-329.34,-868.47,0.0
8.65,71,2,-301.00,-842.81,2.08,7.03,-3.05,-301.00,-842.81,0.0
8.65,71,3,-515.67,-942.33,2.50,8.14,1.33,-515.67,-942.33,0.0
8.75,72,1,-330.09,-867.80,1.04,1.39,2.42,-330.09,-867.80,0.0
8.75,72,2,-301.40,-842.85,2.08,7.03,-3.05,-301.40,-842.85,0.0
8.75,72,3,-515.43,-941.35,2.50,8.14,1.33,-515.43,-941.35,0.0
8.865,73,1,-330.99,-867.01,1.04,1.39,2.42,-330.99,-867.01,0.0
8.865,73,2,-301.88,-842.89,2.08,7.03,-3.05,-301.88,-842.89,0.0
8.865,73,3,-515.14,-940.19,2.50,8.14,1.34,-515.14,-940.19,0.0
8.967,74,1,-331.74,-866.35,1.04,1.39,2.43,-331.74,-866.35,0.0
8.967,74,2,-302.28,-842.92,2.08,7.03,-3.05,-302.28,-842.92,0.0
8.967,74,3,-514.92,-939.21,2.50,8.14,1.34,-514.92,-939.21,0.0
9.083,75,1,-332.64,-865.56,1.04,1.39,2.43,-332.64,-865.56,0.0
9.083,75,2,-302.76,-842.97,2.08,7.03,-3.05,-302.76,-842.97,0.0
9.083,75,3,-514.65,-938.04,2.50,8.14,1.35,-514.65,-938.04,0.0
9.184,76,1,-333.40,-864.91,1.04,1.39,2.43,-333.40,-864.91,0.0
9.184,76,2,-303.15,-843.00,2.08,7.03,-3.05,-303.15,-843.00,0.0
9.184,76,3,-514.43,-937.07,2.50,8.14,1.35,-514.43,-937.07,0.0
9.303,77,1,-334.32,-864.13,1.04,1.39,2.44,-334.32,-864.13,0.0
9.303,77,2,-303.63,-843.04,2.08,7.03,-3.05,-303.63,-843.04,0.0
9.303,77,3,-514.18,-935.90,2.50,8.14,1.36,-514.18,-935.90,0.0
9.419,78,1,-335.08,-863.49,1.04,1.39,2.44,-335.08,-863.49,0.0
9.419,78,2,-304.03,-843.08,2.08,7.03,-3.05,-304.03,-843.08,0.0
9.419,78,3,-513.97,-934.92,2.50,8.14,1.37,-513.97,-934.92,0.0
9.523,79,1,-336.00,-862.71,1.04,1.39,2.44,-336.00,-862.71,0.0
9.523,79,2,-304.51,-843.12,2.08,7.03,-3.05,-304.51,-843.12,0.0
9.523,79,3,-513.73,-933.74,2.50,8.14,1.37,-513.73,-933.74,0.0
9.635,80,1,-336.76,-862.07,1.04,1.39,2.45,-336.76,-862.07,0.0
9.635,80,2,-304.91,-843.15,2.08,7.03,-3.05,-304.91,-843.15,0.0
9.635,80,3,-513.53,-932.76,2.50,8.14,1.38,-513.53,-932.76,0.0
9.735,81,1,-337.53,-861.43,1.04,1.39,2.45,-337.53,-861.43,0.0
9.735,81,2,-305.30,-843.19,2.08,7.03,-3.05,-305.30,-843.19,0.0
9.735,81,3,-513.34,-931.78,2.50,8.14,1.38,-513.34,-931.78,0.0
9.85,82,1,-338.46,-860.67,1.04,1.39,2.46,-338.46,-860.67,0.0
9.85,82,2,-305.78,-843.23,2.08,7.03,-3.05,-305.78,-843.23,0.0
9.85,82,3,-513.12,-930.60,2.50,8.14,1.39,-513.12,-930.60,0.0
9.966,83,1,-339.39,-859.91,1.04,1.39,2.46,-339.39,-859.91,0.0
9.966,83,2,-306.26,-843.27,2.08,7.03,-3.05,-306.26,-843.27,0.0
9.966,83,3,-512.91,-929.42,2.50,8.14,1.40,-512.91,-929.42,0.0
10.067,84,1,-340.17,-859.29,1.04,1.39,2.46,-340.17,-859.29,0.0
10.067,84,2,-306.66,-843.31,2.08,7.03,-3.05,-306.66,-843.31,0.0
10.067,84,3,-512.73,-928.43,2.50,8.14,1.40,-512.73,-928.43,0.0
10.167,85,1,-340.95,-858.66,1.04,1.39,2.47,-340.95,-858.66,0.0
10.167,85,2,-307.06,-843.34,2.08,7.03,-3.05,-307.06,-843.34,0.0
10.167,85,3,-512.57,-927.45,2.50,8.14,1.41,-512.57,-927.45,0.0
10.284,86,1,-341.89,-857.91,1.04,1.39,2.47,-341.89,-857.91,0.0
10.284,86,2,-307.54,-843.38,2.08,7.03,-3.05,-307.54,-843.38,0.0
10.284,86,3,-512.37,-926.26,2.50,8.14,1.41,-512.37,-926.26,0.0
10.4,87,1,-342.67,-857.29,1.04,1.39,2.47,-342.67,-857.29,0.0
10.4,87,2,-307.93,-843.42,2.08,7.03,-3.05,-307.93,-843.42,0.0
10.4,87,3,-512.22,-925.28,2.50,8.14,1.42,-512.22,-925.28,0.0
10.5,88,1,-343.62,-856.55,1.04,1.39,2.48,-343.62,-856.55,0.0
10.5,88,2,-308.41,-843.46,2.08,7.03,-3.05,-308.41,-843.46,0.0
10.5,88,3,-512.04,-924.09,2.50,8.14,1.42,-512.04,-924.09,0.0
10.6,89,1,-344.41,-855.94,1.04,1.39,2.48,-344.41,-855.94,0.0
10.6,89,2,-308.81,-843.49,2.08,7.03,-3.05,-308.81,-843.49,0.0
10.6,89,3,-511.89,-923.10,2.50,8.14,1.43,-511.89,-923.10,0.0
10.701,90,1,-345.20,-855.33,1.04,1.39,2.49,-345.20,-855.33,0.0
10.701,90,2,-309.21,-843.53,2.08,7.03,-3.05,-309.21,-843.53,0.0
10.701,90,3,-511.75,-922.11,2.50,8.14,1.43,-511.75,-922.11,0.0
10.801,91,1,-345.99,-854.72,1.04,1.39,2.49,-345.99,-854.72,0.0
10.801,91,2,-309.61,-843.56,2.08,7.03,-3.05,-309.61,-843.56,0.0
10.801,91,3,-511.62,-921.12,2.50,8.14,1.44,-511.62,-921.12,0.0
10.901,92,1,-346.79,-854.11,1.04,1.39,2.49,-346.79,-854.11,0.0
10.901,92,2,-310.01,-843.60,2.08,7.03,-3.05,-310.01,-843.60,0.0
10.901,92,3,-511.49,-920.13,2.50,8.14,1.44,-511.49,-920.13,0.0
11.018,93,1,-347.58,-853.51,1.04,1.39,2.50,-347.58,-853.51,0.0
11.018,93,2,-310.40,-843.63,2.08,7.03,-3.05,-310.40,-843.63,0.0
11.018,93,3,-511.36,-919.14,2.50,8.14,1.45,-511.36,-919.14,0.0
11.135,94,1,-348.54,-852.79,1.04,1.39,2.50,-348.54,-852.79,0.0
11.135,94,2,-310.88,-843.68,2.08,7.03,-3.05,-310.88,-843.68,0.0
11.135,94,3,-511.22,-917.94,2.50,8.14,1.46,-511.22,-917.94,0.0
11.252,95,1,-349.51,-852.07,1.04,1.39,2.50,-349.51,-852.07,0.0
11.252,95,2,-311.36,-843.72,2.08,7.03,-3.05,-311.36,-843.72,0.0
11.252,95,3,-511.09,-916.75,2.50,8.14,1.46,-511.09,-916.75,0.0
11.367,96,1,-350.47,-851.36,1.04,1.39,2.51,-350.47,-851.36,0.0
11.367,96,2,-311.84,-843.76,2.08,7.03,-3.05,-311.84,-843.76,0.0
11.367,96,3,-510.96,-915.56,2.50,8.14,1.47,-510.96,-915.56,0.0
11.468,97,1,-351.28,-850.77,1.04,1.39,2.51,-351.28,-850.77,0.0
11.468,97,2,-312.24,-843.79,2.08,7.03,-3.05,-312.24,-843.79,0.0
11.468,97,3,-510.86,-914.56,2.50,8.14,1.47,-510.86,-914.56,0.0
11.569,98,1,-352.09,-850.18,1.04,1.39,2.52,-352.09,-850.18,0.0
11.569,98,2,-312.64,-843.83,2.08,7.03,-3.05,-312.64,-843.83,0.0
11.569,98,3,-510.77,-913.57,2.50,8.14,1.48,-510.77,-913.57,0.0
11.685,99,1,-353.06,-849.48,1.04,1.39,2.52,-353.06,-849.48,0.0
11.685,99,2,-313.11,-843.87,2.08,7.03,-3.05,-313.11,-843.87,0.0
11.685,99,3,-510.66,-912.37,2.50,8.14,1.49,-510.66,-912.37,0.0
11.786,100,1,-353.88,-848.90,1.04,1.39,2.52,-353.88,-848.90,0.0
11.786,100,2,-313.51,-843.91,2.08,7.03,-3.05,-313.51,-843.91,0.0
11.786,100,3,-510.58,-911.38,2.50,8.14,1.49,-510.58,-911.38,0.0
11.886,101,1,-354.69,-848.32,1.04,1.39,2.53,-354.69,-848.32,0.0
11.886,101,2,-313.91,-843.94,2.08,7.03,-3.05,-313.91,-843.94,0.0
11.886,101,3,-510.50,-910.38,2.50,8.14,1.50,-510.50,-910.38,0.0
11.986,102,1,-355.51,-847.75,1.04,1.39,2.53,-355.51,-847.75,0.0
11.986,102,2,-314.31,-843.97,2.08,7.03,-3.05,-314.31,-843.97,0.0
11.986,102,3,-510.43,-909.38,2.50,8.14,1.50,-510.43,-909.38,0.0
12.087,103,1,-356.33,-847.18,1.04,1.39,2.53,-356.33,-847.18,0.0
12.087,103,2,-314.71,-844.01,2.08,7.03,-3.05,-314.71,-844.01,0.0
12.087,103,3,-510.36,-908.38,2.50,8.14,1.51,-510.36,-908.38,0.0
12.202,104,1,-357.32,-846.49,1.04,1.39,2.54,-357.32,-846.49,0.0
12.202,104,2,-315.19,-844.05,2.08,7.03,-3.05,-315.19,-844.05,0.0
12.202,104,3,-510.28,-907.19,2.50,8.14,1.51,-510.28,-907.19,0.0
12.303,105,1,-358.14,-845.93,1.04,1.39,2.54,-358.14,-845.93,0.0
12.303,105,2,-315.58,-844.09,2.08,7.03,-3.05,-315.58,-844.09,0.0
12.303,105,3,-510.23,-906.19,2.50,8.14,1.52,-510.23,-906.19,0.0
12.419,106,1,-358.97,-845.36,1.04,1.39,2.55,-358.97,-845.36,0.0
12.419,106,2,-315.98,-844.12,2.08,7.03,-3.05,-315.98,-844.12,0.0
12.419,106,3,-510.18,-905.19,2.50,8.14,1.52,-510.18,-905.19,0.0
12.52,107,1,-359.80,-844.80,1.04,1.39,2.55,-359.80,-844.80,0.0
12.52,107,2,-316.38,-844.16,2.08,7.03,-3.05,-316.38,-844.16,0.0
12.52,107,3,-510.13,-904.19,2.50,8.14,1.53,-510.13,-904.19,0.0
12.635,108,1,-360.79,-844.14,1.04,1.39,2.55,-360.79,-844.14,0.0
12.635,108,2,-316.86,-844.20,2.08,7.03,-3.05,-316.86,-844.20,0.0
12.635,108,3,-510.08,-902.99,2.50,8.14,1.53,-510.08,-902.99,0.0
12.735,109,1,-361.63,-843.58,1.04,1.39,2.56,-361.63,-843.58,0.0
12.735,109,2,-317.26,-844.23,2.08,7.03,-3.05,-317.26,-844.23,0.0
12.735,109,3,-510.05,-901.99,2.50,8.14,1.54,-510.05,-901.99,0.0
12.837,110,1,-362.46,-843.03,1.04,1.39,2.56,-362.46,-843.03,0.0
12.837,110,2,-317.66,-844.27,2.08,7.03,-3.05,-317.66,-844.27,0.0
12.837,110,3,-510.02,-900.99,2.50,8.14,1.54,-510.02,-900.99,0.0
12.951,111,1,-363.47,-842.37,1.04,1.39,2.56,-363.47,-842.37,0.0
12.951,111,2,-318.13,-844.31,2.08,7.03,-3.05,-318.13,-844.31,0.0
12.951,111,3,-509.99,-899.79,2.50,8.14,1.55,-509.99,-899.79,0.0
13.051,112,1,-364.30,-841.83,1.04,1.39,2.57,-364.30,-841.83,0.0
13.051,112,2,-318.53,-844.34,2.08,7.03,-3.05,-318.53,-844.34,0.0
13.051,112,3,-509.97,-898.79,2.50,8.14,1.56,-509.97,-898.79,0.0
13.152,113,1,-365.14,-841.29,1.04,1.39,2.57,-365.14,-841.29,0.0
13.152,113,2,-318.93,-844.38,2.08,7.03,-3.05,-318.93,-844.38,0.0
13.152,113,3,-509.96,-897.79,2.50,8.14,1.56,-509.96,-897.79,0.0
13.268,114,1,-366.16,-840.64,1.04,1.39,2.58,-366.16,-840.64,0.0
13.268,114,2,-319.41,-844.42,2.08,7.03,-3.05,-319.41,-844.42,0.0
13.268,114,3,-509.95,-896.59,2.50,8.14,1.57,-509.95,-896.59,0.0
13.368,115,1,-367.00,-840.11,1.04,1.39,2.58,-367.00,-840.11,0.0
13.368,115,2,-319.81,-844.45,2.08,7.03,-3.05,-319.81,-844.45,0.0
13.368,115,3,-509.95,-895.59,2.50,8.14,1.57,-509.95,-895.59,0.0
13.485,116,1,-368.02,-839.47,1.04,1.39,2.58,-368.02,-839.47,0.0
13.485,116,2,-320.28,-844.50,2.08,7.03,-3.05,-320.28,-844.50,0.0
13.485,116,3,-509.96,-894.39,2.50,8.14,1.58,-509.96,-894.39,0.0
13.586,117,1,-368.87,-838.94,1.04,1.39,2.59,-368.87,-838.94,0.0
13.586,117,2,-320.68,-844.53,2.08,7.03,-3.05,-320.68,-844.53,0.0
13.586,117,3,-509.97,-893.39,2.50,8.14,1.58,-509.97,-893.39,0.0
13.702,118,1,-369.89,-838.31,1.04,1.39,2.59,-369.89,-838.31,0.0
13.702,118,2,-321.16,-844.57,2.08,7.03,-3.05,-321.16,-844.57,0.0
13.702,118,3,-509.99,-892.19,2.50,8.14,1.59,-509.99,-892.19,0.0
13.82,119,1,-370.91,-837.68,1.04,1.39,2.59,-370.91,-837.68,0.0
13.82,119,2,-321.64,-844.61,2.08,7.03,-3.05,-321.64,-844.61,0.0
13.82,119,3,-510.02,-890.99,2.50,8.14,1.60,-510.02,-890.99,0.0
13.936,120,1,-371.76,-837.16,1.04,1.39,2.60,-371.76,-837.16,0.0
13.936,120,2,-322.04,-844.65,2.08,7.03,-3.05,-322.04,-844.65,0.0
13.936,120,3,-510.05,-889.99,2.50,8.14,1.60,-510.05,-889.99,0.0
14.037,121,1,-372.62,-836.65,1.04,1.39,2.60,-372.62,-836.65,0.0
14.037,121,2,-322.44,-844.68,2.08,7.03,-3.05,-322.44,-844.68,0.0
14.037,121,3,-510.08,-888.99,2.50,8.14,1.61,-510.08,-888.99,0.0
14.137,122,1,-373.48,-836.13,1.04,1.39,2.61,-373.48,-836.13,0.0
14.137,122,2,-322.83,-844.72,2.08,7.03,-3.05,-322.83,-844.72,0.0
14.137,122,3,-510.12,-887.99,2.50,8.14,1.61,-510.12,-887.99,0.0
14.254,123,1,-374.51,-835.52,1.04,1.39,2.61,-374.51,-835.52,0.0
14.254,123,2,-323.31,-844.76,2.08,7.03,-3.05,-323.31,-844.76,0.0
14.254,123,3,-510.17,-886.80,2.50,8.14,1.62,-510.17,-886.80,0.0
14.354,124,1,-375.38,-835.02,1.04,1.39,2.61,-375.38,-835.02,0.0
14.354,124,2,-323.71,-844.80,2.08,7.03,-3.05,-323.71,-844.80,0.0
14.354,124,3,-510.22,-885.80,2.50,8.14,1.62,-510.22,-885.80,0.0
14.469,125,1,-376.41,-834.41,1.04,1.39,2.62,-376.41,-834.41,0.0
14.469,125,2,-324.19,-844.84,2.08,7.03,-3.05,-324.19,-844.84,0.0
14.469,125,3,-510.29,-884.60,2.50,8.14,1.63,-510.29,-884.60,0.0
14.57,126,1,-377.28,-833.91,1.04,1.39,2.62,-377.28,-833.91,0.0
14.57,126,2,-324.59,-844.87,2.08,7.03,-3.05,-324.59,-844.87,0.0
14.57,126,3,-510.35,-883.60,2.50,8.14,1.64,-510.35,-883.60,0.0
14.687,127,1,-378.32,-833.32,1.04,1.39,2.62,-378.32,-833.32,0.0
14.687,127,2,-325.07,-844.91,2.08,7.03,-3.05,-325.07,-844.91,0.0
14.687,127,3,-510.43,-882.40,2.50,8.14,1.64,-510.43,-882.40,0.0
14.803,128,1,-379.37,-832.73,1.04,1.39,2.63,-379.37,-832.73,0.0
14.803,128,2,-325.54,-844.96,2.08,7.03,-3.05,-325.54,-844.96,0.0
14.803,128,3,-510.52,-881.21,2.50,8.14,1.65,-510.52,-881.21,0.0
14.919,129,1,-380.24,-832.24,1.04,1.39,2.63,-380.24,-832.24,0.0
14.919,129,2,-325.94,-844.99,2.08,7.03,-3.05,-325.94,-844.99,0.0
14.919,129,3,-510.60,-880.21,2.50,8.14,1.65,-510.60,-880.21,0.0
15.021,130,1,-381.29,-831.66,1.04,1.39,2.64,-381.29,-831.66,0.0
15.021,130,2,-326.42,-845.03,2.08,7.03,-3.05,-326.42,-845.03,0.0
15.021,130,3,-510.71,-879.02,2.50,8.14,1.66,-510.71,-879.02,0.0
15.138,131,1,-382.16,-831.17,1.04,1.39,2.64,-382.16,-831.17,0.0
15.138,131,2,-326.82,-845.07,2.08,7.03,-3.05,-326.82,-845.07,0.0
15.138,131,3,-510.80,-878.02,2.50,8.14,1.67,-510.80,-878.02,0.0
15.254,132,1,-383.22,-830.60,1.04,1.39,2.64,-383.22,-830.60,0.0
15.254,132,2,-327.30,-845.11,2.08,7.03,-3.05,-327.30,-845.11,0.0
15.254,132,3,-510.91,-876.83,2.50,8.14,1.67,-510.91,-876.83,0.0
15.371,133,1,-384.27,-830.03,1.04,1.39,2.65,-384.27,-830.03,0.0
15.371,133,2,-327.77,-845.15,2.08,7.03,-3.05,-327.77,-845.15,0.0
15.371,133,3,-511.04,-875.63,2.50,8.14,1.68,-511.04,-875.63,0.0
15.487,134,1,-385.33,-829.46,1.04,1.39,2.65,-385.33,-829.46,0.0
15.487,134,2,-328.25,-845.19,2.08,7.03,-3.05,-328.25,-845.19,0.0
15.487,134,3,-511.17,-874.44,2.50,8.14,1.68,-511.17,-874.44,0.0
15.588,135,1,-386.21,-828.99,1.04,1.39,2.66,-386.21,-828.99,0.0
15.588,135,2,-328.65,-845.23,2.08,7.03,-3.05,-328.65,-845.23,0.0
15.588,135,3,-511.28,-873.45,2.50,8.14,1.69,-511.28,-873.45,0.0
15.688,136,1,-387.10,-828.53,1.04,1.39,2.66,-387.10,-828.53,0.0
15.688,136,2,-329.05,-845.26,2.08,7.03,-3.05,-329.05,-845.26,0.0
15.688,136,3,-511.41,-872.45,2.50,8.14,1.69,-511.41,-872.45,0.0
15.788,137,1,-387.99,-828.07,1.04,1.39,2.66,-387.99,-828.07,0.0
15.788,137,2,-329.45,-845.30,2.08,7.03,-3.05,-329.45,-845.30,0.0
15.788,137,3,-511.53,-871.46,2.50,8.14,1.70,-511.53,-871.46,0.0
15.904,138,1,-389.05,-827.52,1.04,1.39,2.67,-389.05,-827.52,0.0
15.904,138,2,-329.93,-845.34,2.08,7.03,-3.05,-329.93,-845.34,0.0
15.904,138,3,-511.69,-870.27,2.50,8.14,1.71,-511.69,-870.27,0.0
16.004,139,1,-389.94,-827.06,1.04,1.39,2.67,-389.94,-827.06,0.0
16.004,139,2,-330.32,-845.37,2.08,7.03,-3.05,-330.32,-845.37,0.0
16.004,139,3,-511.83,-869.28,2.50,8.14,1.71,-511.83,-869.28,0.0
16.121,140,1,-391.01,-826.52,1.04,1.39,2.68,-391.01,-826.52,0.0
16.121,140,2,-330.80,-845.42,2.08,7.03,-3.05,-330.80,-845.42,0.0
16.121,140,3,-512.00,-868.09,2.50,8.14,1.72,-512.00,-868.09,0.0
16.221,141,1,-391.91,-826.07,1.04,1.39,2.68,-391.91,-826.07,0.0
16.221,141,2,-331.20,-845.45,2.08,7.03,-3.05,-331.20,-845.45,0.0
16.221,141,3,-512.15,-867.10,2.50,8.14,1.72,-512.15,-867.10,0.0
16.338,142,1,-392.80,-825.63,1.04,1.39,2.68,-392.80,-825.63,0.0
16.338,142,2,-331.60,-845.48,2.08,7.03,-3.05,-331.60,-845.48,0.0
16.338,142,3,-512.30,-866.12,2.50,8.14,1.73,-512.30,-866.12,0.0
16.439,143,1,-393.70,-825.18,1.04,1.39,2.69,-393.70,-825.18,0.0
16.439,143,2,-332.00,-845.52,2.08,7.03,-3.05,-332.00,-845.52,0.0
16.439,143,3,-512.46,-865.13,2.50,8.14,1.73,-512.46,-865.13,0.0
16.555,144,1,-394.78,-824.66,1.04,1.39,2.69,-394.78,-824.66,0.0
16.555,144,2,-332.48,-845.56,2.08,7.03,-3.05,-332.48,-845.56,0.0
16.555,144,3,-512.66,-863.94,2.50,8.14,1.74,-512.66,-863.94,0.0
16.655,145,1,-395.68,-824.22,1.04,1.39,2.69,-395.68,-824.22,0.0
16.655,145,2,-332.87,-845.60,2.08,7.03,-3.05,-332.87,-845.60,0.0
16.655,145,3,-512.83,-862.96,2.50,8.14,1.74,-512.83,-862.96,0.0
16.756,146,1,-396.58,-823.79,1.04,1.39,2.70,-396.58,-823.79,0.0
16.756,146,2,-333.27,-845.63,2.08,7.03,-3.05,-333.27,-845.63,0.0
16.756,146,3,-513.00,-861.97,2.50,8.14,1.75,-513.00,-861.97,0.0
16.872,147,1,-397.66,-823.28,1.04,1.39,2.70,-397.66,-823.28,0.0
16.872,147,2,-333.75,-845.67,2.08,7.03,-3.05,-333.75,-845.67,0.0
16.872,147,3,-513.22,-860.79,2.50,8.14,1.76,-513.22,-860.79,0.0
16.989,148,1,-398.75,-822.77,1.04,1.39,2.71,-398.75,-822.77,0.0
16.989,148,2,-334.23,-845.71,2.08,7.03,-3.05,-334.23,-845.71,0.0
16.989,148,3,-513.44,-859.62,2.50,8.14,1.76,-513.44,-859.62,0.0
17.089,149,1,-399.66,-822.34,1.04,1.39,2.71,-399.66,-822.34,0.0
17.089,149,2,-334.63,-845.75,2.08,7.03,-3.05,-334.63,-845.75,0.0
17.089,149,3,-513.64,-858.63,2.50,8.14,1.77,-513.64,-858.63,0.0
17.189,150,1,-400.57,-821.93,1.04,1.39,2.71,-400.57,-821.93,0.0
17.189,150,2,-335.03,-845.78,2.08,7.03,-3.05,-335.03,-845.78,0.0
17.189,150,3,-513.83,-857.65,2.50,8.14,1.77,-513.83,-857.65,0.0
17.289,151,1,-401.47,-821.51,1.04,1.39,2.72,-401.47,-821.51,0.0
17.289,151,2,-335.42,-845.82,2.08,7.03,-3.05,-335.42,-845.82,0.0
17.289,151,3,-514.04,-856.68,2.50,8.14,1.78,-514.04,-856.68,0.0
17.406,152,1,-402.57,-821.02,1.04,1.39,2.72,-402.57,-821.02,0.0
17.406,152,2,-335.90,-845.86,2.08,7.03,-3.05,-335.90,-845.86,0.0
17.406,152,3,-514.29,-855.50,2.50,8.14,1.78,-514.29,-855.50,0.0
17.506,153,1,-403.48,-820.61,1.04,1.39,2.72,-403.48,-820.61,0.0
17.506,153,2,-336.30,-845.90,2.08,7.03,-3.05,-336.30,-845.90,0.0
17.506,153,3,-514.50,-854.53,2.50,8.14,1.79,-514.50,-854.53,0.0
17.622,154,1,-404.58,-820.12,1.04,1.39,2.73,-404.58,-820.12,0.0
17.622,154,2,-336.78,-845.94,2.08,7.03,-3.05,-336.78,-845.94,0.0
17.622,154,3,-514.77,-853.35,2.50,8.14,1.80,-514.77,-853.35,0.0
17.723,155,1,-405.50,-819.72,1.04,1.39,2.73,-405.50,-819.72,0.0
17.723,155,2,-337.18,-845.97,2.08,7.03,-3.05,-337.18,-845.97,0.0
17.723,155,3,-514.99,-852.38,2.50,8.14,1.80,-514.99,-852.38,0.0
17.84,156,1,-406.41,-819.32,1.04,1.39,2.73,-406.41,-819.32,0.0
17.84,156,2,-337.58,-846.01,2.08,7.03,-3.05,-337.58,-846.01,0.0
17.84,156,3,-515.22,-851.41,2.50,8.14,1.81,-515.22,-851.41,0.0
17.94,157,1,-407.33,-818.93,1.04,1.39,2.74,-407.33,-818.93,0.0
17.94,157,2,-337.97,-846.04,2.08,7.03,-3.05,-337.97,-846.04,0.0
17.94,157,3,-515.46,-850.44,2.50,8.14,1.81,-515.46,-850.44,0.0
18.04,158,1,-408.44,-818.46,1.04,1.39,2.74,-408.44,-818.46,0.0
18.04,158,2,-338.45,-846.08,2.08,7.03,-3.05,-338.45,-846.08,0.0
18.04,158,3,-515.75,-849.27,2.50,8.14,1.82,-515.75,-849.27,0.0
18.14,159,1,-409.36,-818.07,1.04,1.39,2.75,-409.36,-818.07,0.0
18.14,159,2,-338.85,-846.12,2.08,7.03,-3.05,-338.85,-846.12,0.0
18.14,159,3,-515.99,-848.30,2.50,8.14,1.82,-515.99,-848.30,0.0
18.256,160,1,-410.28,-817.69,1.04,1.39,2.75,-410.28,-817.69,0.0
18.256,160,2,-339.25,-846.15,2.08,7.03,-3.05,-339.25,-846.15,0.0
18.256,160,3,-516.25,-847.33,2.50,8.14,1.83,-516.25,-847.33,0.0
18.357,161,1,-411.21,-817.31,1.04,1.39,2.75,-411.21,-817.31,0.0
18.357,161,2,-339.65,-846.19,2.08,7.03,-3.05,-339.65,-846.19,0.0
18.357,161,3,-516.50,-846.37,2.50,8.14,1.83,-516.50,-846.37,0.0
18.474,162,1,-412.32,-816.86,1.04,1.39,2.76,-412.32,-816.86,0.0
18.474,162,2,-340.13,-846.23,2.08,7.03,-3.05,-340.13,-846.23,0.0
18.474,162,3,-516.82,-845.21,2.50,8.14,1.84,-516.82,-845.21,0.0
18.574,163,1,-413.24,-816.48,1.04,1.39,2.76,-413.24,-816.48,0.0
18.574,163,2,-340.52,-846.26,2.08,7.03,-3.05,-340.52,-846.26,0.0
18.574,163,3,-517.09,-844.25,2.50,8.14,1.85,-517.09,-844.25,0.0
18.674,164,1,-414.17,-816.11,1.04,1.39,2.76,-414.17,-816.11,0.0
18.674,164,2,-340.92,-846.30,2.08,7.03,-3.05,-340.92,-846.30,0.0
18.674,164,3,-517.36,-843.28,2.50,8.14,1.85,-517.36,-843.28,0.0
18.774,165,1,-415.10,-815.74,1.04,1.39,2.77,-415.10,-815.74,0.0
18.774,165,2,-341.32,-846.33,2.08,7.03,-3.05,-341.32,-846.33,0.0
18.774,165,3,-517.64,-842.32,2.50,8.14,1.86,-517.64,-842.32,0.0
18.891,166,1,-416.22,-815.31,1.04,1.39,2.77,-416.22,-815.31,0.0
18.891,166,2,-341.80,-846.38,2.08,7.03,-3.05,-341.80,-846.38,0.0
18.891,166,3,-517.98,-841.17,2.50,8.14,1.86,-517.98,-841.17,0.0
19.007,167,1,-417.34,-814.87,1.04,1.39,2.78,-417.34,-814.87,0.0
19.007,167,2,-342.28,-846.42,2.08,7.03,-3.05,-342.28,-846.42,0.0
19.007,167,3,-518.33,-840.02,2.50,8.14,1.87,-518.33,-840.02,0.0
19.124,168,1,-418.46,-814.45,1.04,1.39,2.78,-418.46,-814.45,0.0
19.124,168,2,-342.76,-846.46,2.08,7.03,-3.05,-342.76,-846.46,0.0
19.124,168,3,-518.68,-838.88,2.50,8.14,1.87,-518.68,-838.88,0.0
19.224,169,1,-419.40,-814.09,1.04,1.39,2.78,-419.40,-814.09,0.0
19.224,169,2,-343.15,-846.49,2.08,7.03,-3.05,-343.15,-846.49,0.0
19.224,169,3,-518.98,-837.93,2.50,8.14,1.88,-518.98,-837.93,0.0
19.341,170,1,-420.52,-813.68,1.04,1.39,2.79,-420.52,-813.68,0.0
19.341,170,2,-343.63,-846.54,2.08,7.03,-3.05,-343.63,-846.54,0.0
19.341,170,3,-519.35,-836.78,2.50,8.14,1.89,-519.35,-836.78,0.0
19.458,171,1,-421.46,-813.33,1.04,1.39,2.79,-421.46,-813.33,0.0
19.458,171,2,-344.03,-846.57,2.08,7.03,-3.05,-344.03,-846.57,0.0
19.458,171,3,-519.66,-835.83,2.50,8.14,1.89,-519.66,-835.83,0.0
19.558,172,1,-422.40,-812.99,1.04,1.39,2.79,-422.40,-812.99,0.0
19.558,172,2,-344.43,-846.60,2.08,7.03,-3.05,-344.43,-846.60,0.0
19.558,172,3,-519.98,-834.88,2.50,8.14,1.90,-519.98,-834.88,0.0
19.674,173,1,-423.53,-812.58,1.04,1.39,2.80,-423.53,-812.58,0.0
19.674,173,2,-344.91,-846.65,2.08,7.03,-3.05,-344.91,-846.65,0.0
19.674,173,3,-520.37,-833.75,2.50,8.14,1.90,-520.37,-833.75,0.0
19.791,174,1,-424.66,-812.18,1.04,1.39,2.80,-424.66,-812.18,0.0
19.791,174,2,-345.38,-846.69,2.08,7.03,-3.05,-345.38,-846.69,0.0
19.791,174,3,-520.76,-832.62,2.50,8.14,1.91,-520.76,-832.62,0.0
19.908,175,1,-425.79,-811.78,1.04,1.39,2.81,-425.79,-811.78,0.0
19.908,175,2,-345.86,-846.73,2.08,7.03,-3.05,-345.86,-846.73,0.0
19.908,175,3,-521.17,-831.48,2.50,8.14,1.92,-521.17,-831.48,0.0
20.008,176,1,-426.74,-811.46,1.04,1.39,2.81,-426.74,-811.46,0.0
20.008,176,2,-346.26,-846.77,2.08,7.03,-3.05,-346.26,-846.77,0.0
20.008,176,3,-521.51,-830.54,2.50,8.14,1.92,-521.51,-830.54,0.0
20.125,177,1,-427.87,-811.07,1.04,1.39,2.81,-427.87,-811.07,0.0
20.125,177,2,-346.74,-846.81,2.08,7.03,-3.05,-346.74,-846.81,0.0
20.125,177,3,-521.92,-829.42,2.50,8.14,1.93,-521.92,-829.42,0.0
20.24,178,1,-429.01,-810.69,1.04,1.39,2.82,-429.01,-810.69,0.0
20.24,178,2,-347.22,-846.85,2.08,7.03,-3.05,-347.22,-846.85,0.0
20.24,178,3,-522.34,-828.29,2.50,8.14,1.93,-522.34,-828.29,0.0
20.341,179,1,-429.96,-810.37,1.04,1.39,2.82,-429.96,-810.37,0.0
20.341,179,2,-347.62,-846.88,2.08,7.03,-3.05,-347.62,-846.88,0.0
20.341,179,3,-522.70,-827.36,2.50,8.14,1.94,-522.70,-827.36,0.0
20.444,180,1,-430.91,-810.06,1.04,1.39,2.83,-430.91,-810.06,0.0
20.444,180,2,-348.01,-846.92,2.08,7.03,-3.05,-348.01,-846.92,0.0
20.444,180,3,-523.06,-826.43,2.50,8.14,1.94,-523.06,-826.43,0.0
20.558,181,1,-431.86,-809.75,1.04,1.39,2.83,-431.86,-809.75,0.0
20.558,181,2,-348.41,-846.95,2.08,7.03,-3.05,-348.41,-846.95,0.0
20.558,181,3,-523.43,-825.50,2.50,8.14,1.95,-523.43,-825.50,0.0
20.676,182,1,-433.00,-809.38,1.04,1.39,2.83,-433.00,-809.38,0.0
20.676,182,2,-348.89,-846.99,2.08,7.03,-3.05,-348.89,-846.99,0.0
20.676,182,3,-523.87,-824.38,2.50,8.14,1.96,-523.87,-824.38,0.0
20.792,183,1,-434.15,-809.02,1.04,1.39,2.84,-434.15,-809.02,0.0
20.792,183,2,-349.37,-847.04,2.08,7.03,-3.05,-349.37,-847.04,0.0
20.792,183,3,-524.33,-823.27,2.50,8.14,1.96,-524.33,-823.27,0.0
20.909,184,1,-435.29,-808.66,1.04,1.39,2.84,-435.29,-808.66,0.0
20.909,184,2,-349.85,-847.08,2.08,7.03,-3.05,-349.85,-847.08,0.0
20.909,184,3,-524.79,-822.16,2.50,8.14,1.97,-524.79,-822.16,0.0
21.025,185,1,-436.44,-808.31,1.04,1.39,2.85,-436.44,-808.31,0.0
21.025,185,2,-350.32,-847.12,2.08,7.03,-3.05,-350.32,-847.12,0.0
21.025,185,3,-525.25,-821.06,2.50,8.14,1.97,-525.25,-821.06,0.0
21.138,186,1,-437.40,-808.02,1.04,1.39,2.85,-437.40,-808.02,0.0
21.138,186,2,-350.72,-847.15,2.08,7.03,-3.05,-350.72,-847.15,0.0
21.138,186,3,-525.65,-820.14,2.50,8.14,1.98,-525.65,-820.14,0.0
21.255,187,1,-438.55,-807.68,1.04,1.39,2.85,-438.55,-807.68,0.0
21.255,187,2,-351.20,-847.20,2.08,7.03,-3.05,-351.20,-847.20,0.0
21.255,187,3,-526.13,-819.04,2.50,8.14,1.99,-526.13,-819.04,0.0
21.361,188,1,-439.70,-807.34,1.04,1.39,2.86,-439.70,-807.34,0.0
21.361,188,2,-351.68,-847.24,2.08,7.03,-3.05,-351.68,-847.24,0.0
21.361,188,3,-526.61,-817.94,2.50,8.14,1.99,-526.61,-817.94,0.0
21.472,189,1,-440.66,-807.06,1.04,1.39,2.86,-440.66,-807.06,0.0
21.472,189,2,-352.08,-847.27,2.08,7.03,-3.05,-352.08,-847.27,0.0
21.472,189,3,-527.03,-817.03,2.50,8.14,2.00,-527.03,-817.03,0.0
21.572,190,1,-441.62,-806.79,1.04,1.39,2.87,-441.62,-806.79,0.0
21.572,190,2,-352.48,-847.31,2.08,7.03,-3.05,-352.48,-847.31,0.0
21.572,190,3,-527.44,-816.12,2.50,8.14,2.00,-527.44,-816.12,0.0
21.689,191,1,-442.78,-806.46,1.04,1.39,2.87,-442.78,-806.46,0.0
21.689,191,2,-352.95,-847.35,2.08,7.03,-3.05,-352.95,-847.35,0.0
21.689,191,3,-527.95,-815.03,2.50,8.14,2.01,-527.95,-815.03,0.0
21.789,192,1,-443.74,-806.19,1.04,1.39,2.87,-443.74,-806.19,0.0
21.789,192,2,-353.35,-847.38,2.08,7.03,-3.05,-353.35,-847.38,0.0
21.789,192,3,-528.37,-814.13,2.50,8.14,2.01,-528.37,-814.13,0.0
21.889,193,1,-444.70,-805.93,1.04,1.39,2.88,-444.70,-805.93,0.0
21.889,193,2,-353.75,-847.42,2.08,7.03,-3.05,-353.75,-847.42,0.0
21.889,193,3,-528.80,-813.23,2.50,8.14,2.02,-528.80,-813.23,0.0
21.99,194,1,-445.67,-805.67,1.04,1.39,2.88,-445.67,-805.67,0.0
21.99,194,2,-354.15,-847.45,2.08,7.03,-3.05,-354.15,-847.45,0.0
21.99,194,3,-529.24,-812.33,2.50,8.14,2.02,-529.24,-812.33,0.0
22.09,195,1,-446.64,-805.41,1.04,1.39,2.88,-446.64,-805.41,0.0
22.09,195,2,-354.55,-847.49,2.08,7.03,-3.05,-354.55,-847.49,0.0
22.09,195,3,-529.68,-811.43,2.50,8.14,2.03,-529.68,-811.43,0.0
22.21,196,1,-447.80,-805.11,1.04,1.39,2.89,-447.80,-805.11,0.0
22.21,196,2,-355.03,-847.53,2.08,7.03,-3.05,-355.03,-847.53,0.0
22.21,196,3,-530.21,-810.35,2.50,8.14,2.04,-530.21,-810.35,0.0
22.325,197,1,-448.96,-804.81,1.04,1.39,2.89,-448.96,-804.81,0.0
22.325,197,2,-355.50,-847.57,2.08,7.03,-3.05,-355.50,-847.57,0.0
22.325,197,3,-530.75,-809.28,2.50,8.14,2.04,-530.75,-809.28,0.0
22.441,198,1,-450.12,-804.51,1.04,1.39,2.90,-450.12,-804.51,0.0
22.441,198,2,-355.98,-847.61,2.08,7.03,-3.05,-355.98,-847.61,0.0
22.441,198,3,-531.30,-808.22,2.50,8.14,2.05,-531.30,-808.22,0.0
22.542,199,1,-451.09,-804.27,1.04,1.39,2.90,-451.09,-804.27,0.0
22.542,199,2,-356.38,-847.65,2.08,7.03,-3.05,-356.38,-847.65,0.0
22.542,199,3,-531.76,-807.33,2.50,8.14,2.05,-531.76,-807.33,0.0
22.658,200,1,-452.06,-804.03,1.04,1.39,2.90,-452.06,-804.03,0.0
22.658,200,2,-356.78,-847.68,2.08,7.03,-3.05,-356.78,-847.68,0.0
22.658,200,3,-532.23,-806.44,2.50,8.14,2.06,-532.23,-806.44,0.0
22.777,201,1,-453.23,-803.75,1.04,1.39,2.91,-453.23,-803.75,0.0
22.777,201,2,-357.26,-847.73,2.08,7.03,-3.05,-357.26,-847.73,0.0
22.777,201,3,-532.80,-805.39,2.50,8.14,2.07,-532.80,-805.39,0.0
22.893,202,1,-454.40,-803.47,1.04,1.39,2.91,-454.40,-803.47,0.0
22.893,202,2,-357.74,-847.77,2.08,7.03,-3.05,-357.74,-847.77,0.0
22.893,202,3,-533.37,-804.33,2.50,8.14,2.07,-533.37,-804.33,0.0
22.993,203,1,-455.37,-803.25,1.04,1.39,2.91,-455.37,-803.25,0.0
22.993,203,2,-358.13,-847.80,2.08,7.03,-3.05,-358.13,-847.80,0.0
22.993,203,3,-533.85,-803.45,2.50,8.14,2.08,-533.85,-803.45,0.0
23.094,204,1,-456.35,-803.02,1.04,1.39,2.92,-456.35,-803.02,0.0
23.094,204,2,-358.53,-847.84,2.08,7.03,-3.05,-358.53,-847.84,0.0
23.094,204,3,-534.34,-802.58,2.50,8.14,2.08,-534.34,-802.58,0.0
23.194,205,1,-457.32,-802.80,1.04,1.39,2.92,-457.32,-802.80,0.0
23.194,205,2,-358.93,-847.87,2.08,7.03,-3.05,-358.93,-847.87,0.0
23.194,205,3,-534.83,-801.71,2.50,8.14,2.09,-534.83,-801.71,0.0
23.296,206,1,-458.30,-802.59,1.04,1.39,2.93,-458.30,-802.59,0.0
23.296,206,2,-359.33,-847.91,2.08,7.03,-3.05,-359.33,-847.91,0.0
23.296,206,3,-535.32,-800.84,2.50,8.14,2.09,-535.32,-800.84,0.0
23.411,207,1,-459.47,-802.33,1.04,1.39,2.93,-459.47,-802.33,0.0
23.411,207,2,-359.81,-847.95,2.08,7.03,-3.05,-359.81,-847.95,0.0
23.411,207,3,-535.93,-799.80,2.50,8.14,2.10,-535.93,-799.80,0.0
23.528,208,1,-460.64,-802.08,1.04,1.39,2.93,-460.64,-802.08,0.0
23.528,208,2,-360.29,-847.99,2.08,7.03,-3.05,-360.29,-847.99,0.0
23.528,208,3,-536.53,-798.77,2.50,8.14,2.11,-536.53,-798.77,0.0
23.628,209,1,-461.62,-801.88,1.04,1.39,2.94,-461.62,-801.88,0.0
23.628,209,2,-360.68,-848.02,2.08,7.03,-3.05,-360.68,-848.02,0.0
23.628,209,3,-537.04,-797.91,2.50,8.14,2.11,-537.04,-797.91,0.0
23.744,210,1,-462.80,-801.63,1.04,1.39,2.94,-462.80,-801.63,0.0
23.744,210,2,-361.16,-848.07,2.08,7.03,-3.05,-361.16,-848.07,0.0
23.744,210,3,-537.66,-796.88,2.50,8.14,2.12,-537.66,-796.88,0.0
23.844,211,1,-463.78,-801.44,1.04,1.39,2.94,-463.78,-801.44,0.0
23.844,211,2,-361.56,-848.10,2.08,7.03,-3.05,-361.56,-848.10,0.0
23.844,211,3,-538.18,-796.03,2.50,8.14,2.12,-538.18,-796.03,0.0
23.945,212,1,-464.76,-801.24,1.04,1.39,2.95,-464.76,-801.24,0.0
23.945,212,2,-361.96,-848.14,2.08,7.03,-3.05,-361.96,-848.14,0.0
23.945,212,3,-538.71,-795.18,2.50,8.14,2.13,-538.71,-795.18,0.0
24.045,213,1,-465.74,-801.05,1.04,1.39,2.95,-465.74,-801.05,0.0
24.045,213,2,-362.36,-848.17,2.08,7.03,-3.05,-362.36,-848.17,0.0
24.045,213,3,-539.24,-794.33,2.50,8.14,2.13,-539.24,-794.33,0.0
24.145,214,1,-466.72,-800.86,1.04,1.39,2.96,-466.72,-800.86,0.0
24.145,214,2,-362.76,-848.21,2.08,7.03,-3.05,-362.76,-848.21,0.0
24.145,214,3,-539.77,-793.48,2.50,8.14,2.14,-539.77,-793.48,0.0
24.245,215,1,-467.71,-800.68,1.04,1.39,2.96,-467.71,-800.68,0.0
24.245,215,2,-363.15,-848.24,2.08,7.03,-3.05,-363.15,-848.24,0.0
24.245,215,3,-540.31,-792.64,2.50,8.14,2.14,-540.31,-792.64,0.0
24.362,216,1,-468.89,-800.46,1.04,1.39,2.96,-468.89,-800.46,0.0
24.362,216,2,-363.63,-848.28,2.08,7.03,-3.05,-363.63,-848.28,0.0
24.362,216,3,-540.97,-791.63,2.50,8.14,2.15,-540.97,-791.63,0.0
24.478,217,1,-469.87,-800.29,1.04,1.39,2.97,-469.87,-800.29,0.0
24.478,217,2,-364.03,-848.32,2.08,7.03,-3.05,-364.03,-848.32,0.0
24.478,217,3,-541.51,-790.80,2.50,8.14,2.15,-541.51,-790.80,0.0
24.578,218,1,-470.85,-800.11,1.04,1.39,2.97,-470.85,-800.11,0.0
24.578,218,2,-364.43,-848.35,2.08,7.03,-3.05,-364.43,-848.35,0.0
24.578,218,3,-542.07,-789.96,2.50,8.14,2.16,-542.07,-789.96,0.0
24.697,219,1,-472.04,-799.91,1.04,1.39,2.97,-472.04,-799.91,0.0
24.697,219,2,-364.91,-848.39,2.08,7.03,-3.05,-364.91,-848.39,0.0
24.697,219,3,-542.74,-788.97,2.50,8.14,2.17,-542.74,-788.97,0.0
24.812,220,1,-473.22,-799.71,1.04,1.39,2.98,-473.22,-799.71,0.0
24.812,220,2,-365.38,-848.43,2.08,7.03,-3.05,-365.38,-848.43,0.0
24.812,220,3,-543.41,-787.98,2.50,8.14,2.17,-543.41,-787.98,0.0
24.929,221,1,-474.41,-799.52,1.04,1.39,2.98,-474.41,-799.52,0.0
24.929,221,2,-365.86,-848.48,2.08,7.03,-3.05,-365.86,-848.48,0.0
24.929,221,3,-544.09,-786.99,2.50,8.14,2.18,-544.09,-786.99,0.0
25.045,222,1,-475.59,-799.33,1.04,1.39,2.99,-475.59,-799.33,0.0
25.045,222,2,-366.34,-848.52,2.08,7.03,-3.05,-366.34,-848.52,0.0
25.045,222,3,-544.78,-786.00,2.50,8.14,2.18,-544.78,-786.00,0.0
25.146,223,1,-476.58,-799.18,1.04,1.39,2.99,-476.58,-799.18,0.0
25.146,223,2,-366.74,-848.55,2.08,7.03,-3.05,-366.74,-848.55,0.0
25.146,223,3,-545.36,-785.19,2.50,8.14,2.19,-545.36,-785.19,0.0
25.246,224,1,-477.57,-799.03,1.04,1.39,2.99,-477.57,-799.03,0.0
25.246,224,2,-367.14,-848.59,2.08,7.03,-3.05,-367.14,-848.59,0.0
25.246,224,3,-545.94,-784.38,2.50,8.14,2.20,-545.94,-784.38,0.0
25.346,225,1,-478.56,-798.88,1.04,1.39,3.00,-478.56,-798.88,0.0
25.346,225,2,-367.54,-848.62,2.08,7.03,-3.05,-367.54,-848.62,0.0
25.346,225,3,-546.53,-783.57,2.50,8.14,2.20,-546.53,-783.57,0.0
25.447,226,1,-479.55,-798.74,1.04,1.39,3.00,-479.55,-798.74,0.0
25.447,226,2,-367.93,-848.66,2.08,7.03,-3.05,-367.93,-848.66,0.0
25.447,226,3,-547.12,-782.76,2.50,8.14,2.21,-547.12,-782.76,0.0
25.563,227,1,-480.74,-798.57,1.04,1.39,3.00,-480.74,-798.57,0.0
25.563,227,2,-368.41,-848.70,2.08,7.03,-3.05,-368.41,-848.70,0.0
25.563,227,3,-547.83,-781.79,2.50,8.14,2.21,-547.83,-781.79,0.0
25.663,228,1,-481.73,-798.44,1.04,1.39,3.01,-481.73,-798.44,0.0
25.663,228,2,-368.81,-848.73,2.08,7.03,-3.05,-368.81,-848.73,0.0
25.663,228,3,-548.43,-780.99,2.50,8.14,2.22,-548.43,-780.99,0.0
25.763,229,1,-482.72,-798.31,1.04,1.39,3.01,-482.72,-798.31,0.0
25.763,229,2,-369.21,-848.77,2.08,7.03,-3.05,-369.21,-848.77,0.0
25.763,229,3,-549.04,-780.20,2.50,8.14,2.22,-549.04,-780.20,0.0
25.88,230,1,-483.71,-798.18,1.04,1.39,3.02,-483.71,-798.18,0.0
25.88,230,2,-369.61,-848.80,2.08,7.03,-3.05,-369.61,-848.80,0.0
25.88,230,3,-549.64,-779.40,2.50,8.14,2.23,-549.64,-779.40,0.0
25.996,231,1,-484.90,-798.03,1.04,1.39,3.02,-484.90,-798.03,0.0
25.996,231,2,-370.09,-848.85,2.08,7.03,-3.05,-370.09,-848.85,0.0
25.996,231,3,-550.38,-778.46,2.50,8.14,2.23,-550.38,-778.46,0.0
26.098,232,1,-485.89,-797.91,1.04,1.39,3.02,-485.89,-797.91,0.0
26.098,232,2,-370.48,-848.88,2.08,7.03,-3.05,-370.48,-848.88,0.0
26.098,232,3,-551.00,-777.67,2.50,8.14,2.24,-551.00,-777.67,0.0
26.213,233,1,-487.08,-797.77,1.04,1.39,3.03,-487.08,-797.77,0.0
26.213,233,2,-370.96,-848.92,2.08,7.03,-3.05,-370.96,-848.92,0.0
26.213,233,3,-551.74,-776.73,2.50,8.14,2.25,-551.74,-776.73,0.0
26.313,234,1,-488.08,-797.66,1.04,1.39,3.03,-488.08,-797.66,0.0
26.313,234,2,-371.36,-848.96,2.08,7.03,-3.05,-371.36,-848.96,0.0
26.313,234,3,-552.37,-775.95,2.50,8.14,2.25,-552.37,-775.95,0.0
26.414,235,1,-489.07,-797.55,1.04,1.39,3.03,-489.07,-797.55,0.0
26.414,235,2,-371.76,-848.99,2.08,7.03,-3.05,-371.76,-848.99,0.0
26.414,235,3,-553.00,-775.17,2.50,8.14,2.26,-553.00,-775.17,0.0
26.53,236,1,-490.27,-797.42,1.04,1.39,3.04,-490.27,-797.42,0.0
26.53,236,2,-372.24,-849.03,2.08,7.03,-3.05,-372.24,-849.03,0.0
26.53,236,3,-553.76,-774.25,2.50,8.14,2.26,-553.76,-774.25,0.0
26.63,237,1,-491.26,-797.32,1.04,1.39,3.04,-491.26,-797.32,0.0
26.63,237,2,-372.64,-849.07,2.08,7.03,-3.05,-372.64,-849.07,0.0
26.63,237,3,-554.40,-773.48,2.50,8.14,2.27,-554.40,-773.48,0.0
26.747,238,1,-492.45,-797.20,1.04,1.39,3.05,-492.45,-797.20,0.0
26.747,238,2,-373.11,-849.11,2.08,7.03,-3.05,-373.11,-849.11,0.0
26.747,238,3,-555.17,-772.56,2.50,8.14,2.27,-555.17,-772.56,0.0
26.847,239,1,-493.45,-797.11,1.04,1.39,3.05,-493.45,-797.11,0.0
26.847,239,2,-373.51,-849.14,2.08,7.03,-3.05,-373.51,-849.14,0.0
26.847,239,3,-555.82,-771.80,2.50,8.14,2.28,-555.82,-771.80,0.0
26.947,240,1,-494.45,-797.02,1.04,1.39,3.05,-494.45,-797.02,0.0
26.947,240,2,-373.91,-849.18,2.08,7.03,-3.05,-373.91,-849.18,0.0
26.947,240,3,-556.47,-771.04,2.50,8.14,2.28,-556.47,-771.04,0.0
27.048,241,1,-495.44,-796.93,1.04,1.39,3.06,-495.44,-796.93,0.0
27.048,241,2,-374.31,-849.21,2.08,7.03,-3.05,-374.31,-849.21,0.0
27.048,241,3,-557.13,-770.28,2.50,8.14,2.29,-557.13,-770.28,0.0
27.164,242,1,-496.64,-796.83,1.04,1.39,3.06,-496.64,-796.83,0.0
27.164,242,2,-374.79,-849.26,2.08,7.03,-3.05,-374.79,-849.26,0.0
27.164,242,3,-557.92,-769.38,2.50,8.14,2.30,-557.92,-769.38,0.0
27.28,243,1,-497.83,-796.73,1.04,1.39,3.06,-497.83,-796.73,0.0
27.28,243,2,-375.27,-849.30,2.08,7.03,-3.05,-375.27,-849.30,0.0
27.28,243,3,-558.72,-768.49,2.50,8.14,2.30,-558.72,-768.49,0.0
27.381,244,1,-498.83,-796.66,1.04,1.39,3.07,-498.83,-796.66,0.0
27.381,244,2,-375.66,-849.33,2.08,7.03,-3.05,-375.66,-849.33,0.0
27.381,244,3,-559.39,-767.74,2.50,8.14,2.31,-559.39,-767.74,0.0
27.481,245,1,-499.83,-796.59,1.04,1.39,3.07,-499.83,-796.59,0.0
27.481,245,2,-376.06,-849.37,2.08,7.03,-3.05,-376.06,-849.37,0.0
27.481,245,3,-560.06,-767.01,2.50,8.14,2.31,-560.06,-767.01,0.0
27.598,246,1,-500.83,-796.52,1.04,1.39,3.08,-500.83,-796.52,0.0
27.598,246,2,-376.46,-849.40,2.08,7.03,-3.05,-376.46,-849.40,0.0
27.598,246,3,-560.74,-766.27,2.50,8.14,2.32,-560.74,-766.27,0.0
27.714,247,1,-502.02,-796.44,1.04,1.39,3.08,-502.02,-796.44,0.0
27.714,247,2,-376.94,-849.44,2.08,7.03,-3.05,-376.94,-849.44,0.0
27.714,247,3,-561.56,-765.39,2.50,8.14,2.32,-561.56,-765.39,0.0
27.815,248,1,-503.02,-796.38,1.04,1.39,3.08,-503.02,-796.38,0.0
27.815,248,2,-377.34,-849.48,2.08,7.03,-3.05,-377.34,-849.48,0.0
27.815,248,3,-562.24,-764.66,2.50,8.14,2.33,-562.24,-764.66,0.0
27.915,249,1,-504.02,-796.32,1.04,1.39,3.09,-504.02,-796.32,0.0
27.915,249,2,-377.74,-849.51,2.08,7.03,-3.05,-377.74,-849.51,0.0
27.915,249,3,-562.93,-763.94,2.50,8.14,2.33,-562.93,-763.94,0.0
28.015,250,1,-505.02,-796.27,1.04,1.39,3.09,-505.02,-796.27,0.0
28.015,250,2,-378.13,-849.55,2.08,7.03,-3.05,-378.13,-849.55,0.0
28.015,250,3,-563.62,-763.22,2.50,8.14,2.34,-563.62,-763.22,0.0
28.132,251,1,-506.22,-796.21,1.04,1.39,3.09,-506.22,-796.21,0.0
28.132,251,2,-378.61,-849.59,2.08,7.03,-3.05,-378.61,-849.59,0.0
28.132,251,3,-564.46,-762.36,2.50,8.14,2.35,-564.46,-762.36,0.0
28.249,252,1,-507.42,-796.16,1.04,1.39,3.10,-507.42,-796.16,0.0
28.249,252,2,-379.09,-849.63,2.08,7.03,-3.05,-379.09,-849.63,0.0
28.249,252,3,-565.30,-761.50,2.50,8.14,2.35,-565.30,-761.50,0.0
28.365,253,1,-508.61,-796.11,1.04,1.39,3.10,-508.61,-796.11,0.0
28.365,253,2,-379.57,-849.67,2.08,7.03,-3.05,-379.57,-849.67,0.0
28.365,253,3,-566.15,-760.65,2.50,8.14,2.36,-566.15,-760.65,0.0
28.465,254,1,-509.61,-796.07,1.04,1.39,3.11,-509.61,-796.07,0.0
28.465,254,2,-379.97,-849.71,2.08,7.03,-3.05,-379.97,-849.71,0.0
28.465,254,3,-566.86,-759.95,2.50,8.14,2.36,-566.86,-759.95,0.0
28.582,255,1,-510.81,-796.03,1.04,1.39,3.11,-510.81,-796.03,0.0
28.582,255,2,-380.44,-849.75,2.08,7.03,-3.05,-380.44,-849.75,0.0
28.582,255,3,-567.72,-759.11,2.50,8.14,2.37,-567.72,-759.11,0.0
28.682,256,1,-511.81,-796.00,1.04,1.39,3.11,-511.81,-796.00,0.0
28.682,256,2,-380.84,-849.78,2.08,7.03,-3.05,-380.84,-849.78,0.0
28.682,256,3,-568.44,-758.41,2.50,8.14,2.38,-568.44,-758.41,0.0
28.782,257,1,-512.81,-795.97,1.04,1.39,3.12,-512.81,-795.97,0.0
28.782,257,2,-381.24,-849.82,2.08,7.03,-3.05,-381.24,-849.82,0.0
28.782,257,3,-569.16,-757.72,2.50,8.14,2.38,-569.16,-757.72,0.0
28.898,258,1,-513.81,-795.95,1.04,1.39,3.12,-513.81,-795.95,0.0
28.898,258,2,-381.64,-849.85,2.08,7.03,-3.05,-381.64,-849.85,0.0
28.898,258,3,-569.88,-757.03,2.50,8.14,2.39,-569.88,-757.03,0.0
29.0,259,1,-514.81,-795.93,1.04,1.39,3.12,-514.81,-795.93,0.0
29.0,259,2,-382.04,-849.89,2.08,7.03,-3.05,-382.04,-849.89,0.0
29.0,259,3,-570.61,-756.35,2.50,8.14,2.39,-570.61,-756.35,0.0
29.115,260,1,-516.01,-795.91,1.04,1.39,3.13,-516.01,-795.91,0.0
29.115,260,2,-382.52,-849.93,2.08,7.03,-3.05,-382.52,-849.93,0.0
29.115,260,3,-571.49,-755.53,2.50,8.14,2.40,-571.49,-755.53,0.0
29.217,261,1,-517.01,-795.90,1.04,1.39,3.13,-517.01,-795.90,0.0
29.217,261,2,-382.91,-849.97,2.08,7.03,-3.05,-382.91,-849.97,0.0
29.217,261,3,-572.23,-754.86,2.50,8.14,2.40,-572.23,-754.86,0.0
29.318,262,1,-518.01,-795.89,1.04,1.39,3.14,-518.01,-795.89,0.0
29.318,262,2,-383.31,-850.00,2.08,7.03,-3.05,-383.31,-850.00,0.0
29.318,262,3,-572.97,-754.19,2.50,8.14,2.41,-572.97,-754.19,0.0
29.433,263,1,-519.21,-795.88,1.04,1.39,3.14,-519.21,-795.88,0.0
29.433,263,2,-383.79,-850.04,2.08,7.03,-3.05,-383.79,-850.04,0.0
29.433,263,3,-573.86,-753.38,2.50,8.14,2.41,-573.86,-753.38,0.0
29.55,264,1,-520.41,-795.88,1.04,1.39,-3.14,-520.41,-795.88,0.0
29.55,264,2,-384.27,-850.08,2.08,7.03,-3.05,-384.27,-850.08,0.0
29.55,264,3,-574.76,-752.59,2.50,8.14,2.42,-574.76,-752.59,0.0
29.666,265,1,-521.61,-795.89,1.04,1.39,-3.14,-521.61,-795.89,0.0
29.666,265,2,-384.75,-850.13,2.08,7.03,-3.05,-384.75,-850.13,0.0
29.666,265,3,-575.67,-751.80,2.50,8.14,2.43,-575.67,-751.80,0.0
29.766,266,1,-522.61,-795.90,1.04,1.39,-3.13,-522.61,-795.90,0.0
29.766,266,2,-385.15,-850.16,2.08,7.03,-3.05,-385.15,-850.16,0.0
29.766,266,3,-576.42,-751.14,2.50,8.14,2.43,-576.42,-751.14,0.0
29.883,267,1,-523.81,-795.91,1.04,1.39,-3.13,-523.81,-795.91,0.0
29.883,267,2,-385.62,-850.20,2.08,7.03,-3.05,-385.62,-850.20,0.0
29.883,267,3,-577.34,-750.37,2.50,8.14,2.44,-577.34,-750.37,0.0
30.0,268,1,-524.81,-795.92,1.04,1.39,-3.12,-524.81,-795.92,0.0
30.0,268,2,-386.02,-850.24,2.08,7.03,-3.05,-386.02,-850.24,0.0
30.0,268,3,-578.10,-749.72,2.50,8.14,2.44,-578.10,-749.72,0.0
30.116,269,1,-526.01,-795.95,1.04,1.39,-3.12,-526.01,-795.95,0.0
30.116,269,2,-386.50,-850.28,2.08,7.03,-3.05,-386.50,-850.28,0.0
30.116,269,3,-579.02,-748.95,2.50,8.14,2.45,-579.02,-748.95,0.0
30.233,270,1,-527.21,-795.98,1.04,1.39,-3.12,-527.21,-795.98,0.0
30.233,270,2,-386.98,-850.32,2.08,7.03,-3.05,-386.98,-850.32,0.0
30.233,270,3,-579.95,-748.19,2.50,8.14,2.46,-579.95,-748.19,0.0
30.333,271,1,-528.21,-796.00,1.04,1.39,-3.11,-528.21,-796.00,0.0
30.333,271,2,-387.38,-850.36,2.08,7.03,-3.05,-387.38,-850.36,0.0
30.333,271,3,-580.72,-747.56,2.50,8.14,2.46,-580.72,-747.56,0.0
30.45,272,1,-529.41,-796.04,1.04,1.39,-3.11,-529.41,-796.04,0.0
30.45,272,2,-387.85,-850.40,2.08,7.03,-3.05,-387.85,-850.40,0.0
30.45,272,3,-581.66,-746.80,2.50,8.14,2.47,-581.66,-746.80,0.0
30.55,273,1,-530.41,-796.07,1.04,1.39,-3.10,-530.41,-796.07,0.0
30.55,273,2,-388.25,-850.43,2.08,7.03,-3.05,-388.25,-850.43,0.0
30.55,273,3,-582.44,-746.18,2.50,8.14,2.47,-582.44,-746.18,0.0
30.667,274,1,-531.61,-796.12,1.04,1.39,-3.10,-531.61,-796.12,0.0
30.667,274,2,-388.73,-850.47,2.08,7.03,-3.05,-388.73,-850.47,0.0
30.667,274,3,-583.38,-745.44,2.50,8.14,2.48,-583.38,-745.44,0.0
30.767,275,1,-532.61,-796.16,1.04,1.39,-3.10,-532.61,-796.16,0.0
30.767,275,2,-389.13,-850.51,2.08,7.03,-3.05,-389.13,-850.51,0.0
30.767,275,3,-584.17,-744.83,2.50,8.14,2.48,-584.17,-744.83,0.0
30.884,276,1,-533.81,-796.22,1.04,1.39,-3.09,-533.81,-796.22,0.0
30.884,276,2,-389.61,-850.55,2.08,7.03,-3.05,-389.61,-850.55,0.0
30.884,276,3,-585.12,-744.10,2.50,8.14,2.49,-585.12,-744.10,0.0
30.984,277,1,-534.81,-796.27,1.04,1.39,-3.09,-534.81,-796.27,0.0
30.984,277,2,-390.01,-850.58,2.08,7.03,-3.05,-390.01,-850.58,0.0
30.984,277,3,-585.92,-743.49,2.50,8.14,2.50,-585.92,-743.49,0.0
31.1,278,1,-536.00,-796.33,1.04,1.39,-3.09,-536.00,-796.33,0.0
31.1,278,2,-390.48,-850.63,2.08,7.03,-3.05,-390.48,-850.63,0.0
31.1,278,3,-586.88,-742.77,2.50,8.14,2.50,-586.88,-742.77,0.0
31.201,279,1,-537.00,-796.39,1.04,1.39,-3.08,-537.00,-796.39,0.0
31.201,279,2,-390.88,-850.66,2.08,7.03,-3.05,-390.88,-850.66,0.0
31.201,279,3,-587.68,-742.18,2.50,8.14,2.51,-587.68,-742.18,0.0
31.317,280,1,-538.00,-796.45,1.04,1.39,-3.08,-538.00,-796.45,0.0
31.317,280,2,-391.28,-850.70,2.08,7.03,-3.05,-391.28,-850.70,0.0
31.317,280,3,-588.49,-741.59,2.50,8.14,2.51,-588.49,-741.59,0.0
31.417,281,1,-539.00,-796.52,1.04,1.39,-3.07,-539.00,-796.52,0.0
31.417,281,2,-391.68,-850.73,2.08,7.03,-3.05,-391.68,-850.73,0.0
31.417,281,3,-589.30,-741.00,2.50,8.14,2.52,-589.30,-741.00,0.0
31.518,282,1,-540.00,-796.59,1.04,1.39,-3.07,-540.00,-796.59,0.0
31.518,282,2,-392.08,-850.77,2.08,7.03,-3.05,-392.08,-850.77,0.0
31.518,282,3,-590.11,-740.42,2.50,8.14,2.52,-590.11,-740.42,0.0
31.618,283,1,-540.99,-796.66,1.04,1.39,-3.07,-540.99,-796.66,0.0
31.618,283,2,-392.48,-850.80,2.08,7.03,-3.05,-392.48,-850.80,0.0
31.618,283,3,-590.93,-739.84,2.50,8.14,2.53,-590.93,-739.84,0.0
31.718,284,1,-541.99,-796.73,1.04,1.39,-3.06,-541.99,-796.73,0.0
31.718,284,2,-392.87,-850.84,2.08,7.03,-3.05,-392.87,-850.84,0.0
31.718,284,3,-591.75,-739.26,2.50,8.14,2.53,-591.75,-739.26,0.0
31.819,285,1,-542.99,-796.81,1.04,1.39,-3.06,-542.99,-796.81,0.0
31.819,285,2,-393.27,-850.87,2.08,7.03,-3.05,-393.27,-850.87,0.0
31.819,285,3,-592.57,-738.70,2.50,8.14,2.54,-592.57,-738.70,0.0
31.935,286,1,-544.18,-796.91,1.04,1.39,-3.06,-544.18,-796.91,0.0
31.935,286,2,-393.75,-850.91,2.08,7.03,-3.05,-393.75,-850.91,0.0
31.935,286,3,-593.56,-738.02,2.50,8.14,2.55,-593.56,-738.02,0.0
32.051,287,1,-545.38,-797.02,1.04,1.39,-3.05,-545.38,-797.02,0.0
32.051,287,2,-394.23,-850.95,2.08,7.03,-3.05,-394.23,-850.95,0.0
32.051,287,3,-594.56,-737.35,2.50,8.14,2.55,-594.56,-737.35,0.0
32.151,288,1,-546.37,-797.11,1.04,1.39,-3.05,-546.37,-797.11,0.0
32.151,288,2,-394.63,-850.99,2.08,7.03,-3.05,-394.63,-850.99,0.0
32.151,288,3,-595.39,-736.79,2.50,8.14,2.56,-595.39,-736.79,0.0
32.252,289,1,-547.37,-797.20,1.04,1.39,-3.05,-547.37,-797.20,0.0
32.252,289,2,-395.03,-851.02,2.08,7.03,-3.05,-395.03,-851.02,0.0
32.252,289,3,-596.22,-736.24,2.50,8.14,2.56,-596.22,-736.24,0.0
32.368,290,1,-548.56,-797.32,1.04,1.39,-3.04,-548.56,-797.32,0.0
32.368,290,2,-395.50,-851.07,2.08,7.03,-3.05,-395.50,-851.07,0.0
32.368,290,3,-597.23,-735.59,2.50,8.14,2.57,-597.23,-735.59,0.0
32.469,291,1,-549.56,-797.42,1.04,1.39,-3.04,-549.56,-797.42,0.0
32.469,291,2,-395.90,-851.10,2.08,7.03,-3.05,-395.90,-851.10,0.0
32.469,291,3,-598.07,-735.04,2.50,8.14,2.57,-598.07,-735.04,0.0
32.585,292,1,-550.75,-797.55,1.04,1.39,-3.03,-550.75,-797.55,0.0
32.585,292,2,-396.38,-851.14,2.08,7.03,-3.05,-396.38,-851.14,0.0
32.585,292,3,-599.08,-734.40,2.50,8.14,2.58,-599.08,-734.40,0.0
32.686,293,1,-551.75,-797.66,1.04,1.39,-3.03,-551.75,-797.66,0.0
32.686,293,2,-396.78,-851.18,2.08,7.03,-3.05,-396.78,-851.18,0.0
32.686,293,3,-599.93,-733.87,2.50,8.14,2.58,-599.93,-733.87,0.0
32.802,294,1,-552.94,-797.79,1.04,1.39,-3.03,-552.94,-797.79,0.0
32.802,294,2,-397.26,-851.22,2.08,7.03,-3.05,-397.26,-851.22,0.0
32.802,294,3,-600.95,-733.24,2.50,8.14,2.59,-600.95,-733.24,0.0
32.902,295,1,-553.93,-797.91,1.04,1.39,-3.02,-553.93,-797.91,0.0
32.902,295,2,-397.66,-851.25,2.08,7.03,-3.05,-397.66,-851.25,0.0
32.902,295,3,-601.80,-732.72,2.50,8.14,2.60,-601.80,-732.72,0.0
33.002,296,1,-554.92,-798.03,1.04,1.39,-3.02,-554.92,-798.03,0.0
33.002,296,2,-398.05,-851.29,2.08,7.03,-3.05,-398.05,-851.29,0.0
33.002,296,3,-602.66,-732.20,2.50,8.14,2.60,-602.66,-732.20,0.0
33.102,297,1,-555.92,-798.15,1.04,1.39,-3.02,-555.92,-798.15,0.0
33.102,297,2,-398.45,-851.32,2.08,7.03,-3.05,-398.45,-851.32,0.0
33.102,297,3,-603.52,-731.69,2.50,8.14,2.61,-603.52,-731.69,0.0
33.202,298,1,-556.91,-798.28,1.04,1.39,-3.01,-556.91,-798.28,0.0
33.202,298,2,-398.85,-851.36,2.08,7.03,-3.05,-398.85,-851.36,0.0
33.202,298,3,-604.38,-731.18,2.50,8.14,2.61,-604.38,-731.18,0.0
33.319,299,1,-557.90,-798.41,1.04,1.39,-3.01,-557.90,-798.41,0.0
33.319,299,2,-399.25,-851.39,2.08,7.03,-3.05,-399.25,-851.39,0.0
33.319,299,3,-605.24,-730.68,2.50,8.14,2.62,-605.24,-730.68,0.0
33.419,300,1,-558.89,-798.55,1.04,1.39,-3.00,-558.89,-798.55,0.0
33.419,300,2,-399.65,-851.43,2.08,7.03,-3.05,-399.65,-851.43,0.0
33.419,300,3,-606.11,-730.18,2.50,8.14,2.62,-606.11,-730.18,0.0
33.536,301,1,-560.08,-798.71,1.04,1.39,-3.00,-560.08,-798.71,0.0
33.536,301,2,-400.13,-851.47,2.08,7.03,-3.05,-400.13,-851.47,0.0
33.536,301,3,-607.15,-729.59,2.50,8.14,2.63,-607.15,-729.59,0.0
33.636,302,1,-561.07,-798.85,1.04,1.39,-3.00,-561.07,-798.85,0.0
33.636,302,2,-400.52,-851.50,2.08,7.03,-3.05,-400.52,-851.50,0.0
33.636,302,3,-608.03,-729.10,2.50,8.14,2.63,-608.03,-729.10,0.0
33.736,303,1,-562.06,-799.00,1.04,1.39,-2.99,-562.06,-799.00,0.0
33.736,303,2,-400.92,-851.54,2.08,7.03,-3.05,-400.92,-851.54,0.0
33.736,303,3,-608.90,-728.61,2.50,8.14,2.64,-608.90,-728.61,0.0
33.836,304,1,-563.05,-799.15,1.04,1.39,-2.99,-563.05,-799.15,0.0
33.836,304,2,-401.32,-851.57,2.08,7.03,-3.05,-401.32,-851.57,0.0
33.836,304,3,-609.78,-728.13,2.50,8.14,2.64,-609.78,-728.13,0.0
33.936,305,1,-564.04,-799.30,1.04,1.39,-2.99,-564.04,-799.30,0.0
33.936,305,2,-401.72,-851.61,2.08,7.03,-3.05,-401.72,-851.61,0.0
33.936,305,3,-610.66,-727.66,2.50,8.14,2.65,-610.66,-727.66,0.0
34.053,306,1,-565.22,-799.49,1.04,1.39,-2.98,-565.22,-799.49,0.0
34.053,306,2,-402.20,-851.65,2.08,7.03,-3.05,-402.20,-851.65,0.0
34.053,306,3,-611.72,-727.09,2.50,8.14,2.66,-611.72,-727.09,0.0
34.153,307,1,-566.21,-799.65,1.04,1.39,-2.98,-566.21,-799.65,0.0
34.153,307,2,-402.60,-851.68,2.08,7.03,-3.05,-402.60,-851.68,0.0
34.153,307,3,-612.60,-726.63,2.50,8.14,2.66,-612.60,-726.63,0.0
34.27,308,1,-567.39,-799.84,1.04,1.39,-2.97,-567.39,-799.84,0.0
34.27,308,2,-403.07,-851.73,2.08,7.03,-3.05,-403.07,-851.73,0.0
34.27,308,3,-613.67,-726.08,2.50,8.14,2.67,-613.67,-726.08,0.0
34.37,309,1,-568.38,-800.01,1.04,1.39,-2.97,-568.38,-800.01,0.0
34.37,309,2,-403.47,-851.76,2.08,7.03,-3.05,-403.47,-851.76,0.0
34.37,309,3,-614.56,-725.62,2.50,8.14,2.67,-614.56,-725.62,0.0
34.486,310,1,-569.56,-800.22,1.04,1.39,-2.97,-569.56,-800.22,0.0
34.486,310,2,-403.95,-851.80,2.08,7.03,-3.05,-403.95,-851.80,0.0
34.486,310,3,-615.63,-725.08,2.50,8.14,2.68,-615.63,-725.08,0.0
34.603,311,1,-570.74,-800.43,1.04,1.39,-2.96,-570.74,-800.43,0.0
34.603,311,2,-404.43,-851.84,2.08,7.03,-3.05,-404.43,-851.84,0.0
34.603,311,3,-616.71,-724.55,2.50,8.14,2.69,-616.71,-724.55,0.0
34.704,312,1,-571.73,-800.61,1.04,1.39,-2.96,-571.73,-800.61,0.0
34.704,312,2,-404.83,-851.88,2.08,7.03,-3.05,-404.83,-851.88,0.0
34.704,312,3,-617.61,-724.11,2.50,8.14,2.69,-617.61,-724.11,0.0
34.82,313,1,-572.91,-800.83,1.04,1.39,-2.96,-572.91,-800.83,0.0
34.82,313,2,-405.30,-851.92,2.08,7.03,-3.05,-405.30,-851.92,0.0
34.82,313,3,-618.69,-723.59,2.50,8.14,2.70,-618.69,-723.59,0.0
34.921,314,1,-573.89,-801.01,1.04,1.39,-2.95,-573.89,-801.01,0.0
34.921,314,2,-405.70,-851.96,2.08,7.03,-3.05,-405.70,-851.96,0.0
34.921,314,3,-619.59,-723.16,2.50,8.14,2.70,-619.59,-723.16,0.0
35.037,315,1,-574.87,-801.20,1.04,1.39,-2.95,-574.87,-801.20,0.0
35.037,315,2,-406.10,-851.99,2.08,7.03,-3.05,-406.10,-851.99,0.0
35.037,315,3,-620.50,-722.74,2.50,8.14,2.71,-620.50,-722.74,0.0
35.137,316,1,-575.85,-801.40,1.04,1.39,-2.94,-575.85,-801.40,0.0
35.137,316,2,-406.50,-852.03,2.08,7.03,-3.05,-406.50,-852.03,0.0
35.137,316,3,-621.41,-722.32,2.50,8.14,2.71,-621.41,-722.32,0.0
35.238,317,1,-576.83,-801.59,1.04,1.39,-2.94,-576.83,-801.59,0.0
35.238,317,2,-406.90,-852.06,2.08,7.03,-3.05,-406.90,-852.06,0.0
35.238,317,3,-622.32,-721.91,2.50,8.14,2.72,-622.32,-721.91,0.0
35.354,318,1,-578.01,-801.83,1.04,1.39,-2.94,-578.01,-801.83,0.0
35.354,318,2,-407.38,-852.10,2.08,7.03,-3.05,-407.38,-852.10,0.0
35.354,318,3,-623.41,-721.42,2.50,8.14,2.72,-623.41,-721.42,0.0
35.454,319,1,-578.99,-802.04,1.04,1.39,-2.93,-578.99,-802.04,0.0
35.454,319,2,-407.78,-852.14,2.08,7.03,-3.05,-407.78,-852.14,0.0
35.454,319,3,-624.33,-721.01,2.50,8.14,2.73,-624.33,-721.01,0.0
35.554,320,1,-579.96,-802.25,1.04,1.39,-2.93,-579.96,-802.25,0.0
35.554,320,2,-408.17,-852.17,2.08,7.03,-3.05,-408.17,-852.17,0.0
35.554,320,3,-625.24,-720.61,2.50,8.14,2.73,-625.24,-720.61,0.0
35.655,321,1,-580.94,-802.46,1.04,1.39,-2.93,-580.94,-802.46,0.0
35.655,321,2,-408.57,-852.21,2.08,7.03,-3.05,-408.57,-852.21,0.0
35.655,321,3,-626.16,-720.22,2.50,8.14,2.74,-626.16,-720.22,0.0
35.768,322,1,-582.11,-802.72,1.04,1.39,-2.92,-582.11,-802.72,0.0
35.768,322,2,-409.05,-852.25,2.08,7.03,-3.05,-409.05,-852.25,0.0
35.768,322,3,-627.27,-719.75,2.50,8.14,2.75,-627.27,-719.75,0.0
35.868,323,1,-583.09,-802.94,1.04,1.39,-2.92,-583.09,-802.94,0.0
35.868,323,2,-409.45,-852.28,2.08,7.03,-3.05,-409.45,-852.28,0.0
35.868,323,3,-628.19,-719.37,2.50,8.14,2.75,-628.19,-719.37,0.0
35.969,324,1,-584.06,-803.16,1.04,1.39,-2.92,-584.06,-803.16,0.0
35.969,324,2,-409.85,-852.32,2.08,7.03,-3.05,-409.85,-852.32,0.0
35.969,324,3,-629.12,-718.99,2.50,8.14,2.76,-629.12,-718.99,0.0
36.086,325,1,-585.23,-803.43,1.04,1.39,-2.91,-585.23,-803.43,0.0
36.086,325,2,-410.32,-852.36,2.08,7.03,-3.05,-410.32,-852.36,0.0
36.086,325,3,-630.23,-718.54,2.50,8.14,2.76,-630.23,-718.54,0.0
36.186,326,1,-586.21,-803.66,1.04,1.39,-2.91,-586.21,-803.66,0.0
36.186,326,2,-410.72,-852.39,2.08,7.03,-3.05,-410.72,-852.39,0.0
36.186,326,3,-631.16,-718.18,2.50,8.14,2.77,-631.16,-718.18,0.0
36.286,327,1,-587.18,-803.89,1.04,1.39,-2.90,-587.18,-803.89,0.0
36.286,327,2,-411.12,-852.43,2.08,7.03,-3.05,-411.12,-852.43,0.0
36.286,327,3,-632.09,-717.81,2.50,8.14,2.77,-632.09,-717.81,0.0
36.404,328,1,-588.34,-804.18,1.04,1.39,-2.90,-588.34,-804.18,0.0
36.404,328,2,-411.60,-852.47,2.08,7.03,-3.05,-411.60,-852.47,0.0
36.404,328,3,-633.21,-717.39,2.50,8.14,2.78,-633.21,-717.39,0.0
36.504,329,1,-589.31,-804.42,1.04,1.39,-2.90,-589.31,-804.42,0.0
36.504,329,2,-412.00,-852.51,2.08,7.03,-3.05,-412.00,-852.51,0.0
36.504,329,3,-634.15,-717.03,2.50,8.14,2.78,-634.15,-717.03,0.0
36.604,330,1,-590.28,-804.66,1.04,1.39,-2.89,-590.28,-804.66,0.0
36.604,330,2,-412.40,-852.54,2.08,7.03,-3.05,-412.40,-852.54,0.0
36.604,330,3,-635.09,-716.69,2.50,8.14,2.79,-635.09,-716.69,0.0
36.721,331,1,-591.45,-804.96,1.04,1.39,-2.89,-591.45,-804.96,0.0
36.721,331,2,-412.87,-852.58,2.08,7.03,-3.05,-412.87,-852.58,0.0
36.721,331,3,-636.21,-716.28,2.50,8.14,2.80,-636.21,-716.28,0.0
36.837,332,1,-592.42,-805.21,1.04,1.39,-2.89,-592.42,-805.21,0.0
36.837,332,2,-413.27,-852.62,2.08,7.03,-3.05,-413.27,-852.62,0.0
36.837,332,3,-637.16,-715.94,2.50,8.14,2.80,-637.16,-715.94,0.0
36.938,333,1,-593.38,-805.46,1.04,1.39,-2.88,-593.38,-805.46,0.0
36.938,333,2,-413.67,-852.65,2.08,7.03,-3.05,-413.67,-852.65,0.0
36.938,333,3,-638.10,-715.61,2.50,8.14,2.81,-638.10,-715.61,0.0
37.038,334,1,-594.35,-805.72,1.04,1.39,-2.88,-594.35,-805.72,0.0
37.038,334,2,-414.07,-852.69,2.08,7.03,-3.05,-414.07,-852.69,0.0
37.038,334,3,-639.04,-715.28,2.50,8.14,2.81,-639.04,-715.28,0.0
