1747830521.51,0,8.83,-729.87,3.85,6.95,1.18,8.83,-729.87,0.00,-1.28,1.88 
1747830521.61,0,8.80,-729.69,3.60,6.94,1.22,8.80,-729.69,0.00,-1.21,1.88 
1747830521.91,0,8.55,-729.12,3.75,7.33,1.16,8.55,-729.12,0.00,-1.15,1.88 
1747830522.01,0,8.49,-728.92,3.74,7.75,1.14,8.49,-728.92,0.00,-1.11,1.89 
1747830522.11,0,8.41,-728.72,3.64,7.49,1.16,8.41,-728.72,0.00,-1.10,1.90 
1747830522.21,0,8.31,-728.51,3.31,6.57,1.11,8.31,-728.51,0.00,-1.09,1.91 
1747830522.41,0,8.20,-728.02,5.16,7.69,0.59,8.20,-728.02,0.00,-1.03,1.97 
1747830522.51,0,8.11,-727.81,3.43,6.83,1.12,8.11,-727.81,0.00,-1.03,1.97 
1747830522.71,0,7.93,-727.27,4.60,6.91,0.56,7.93,-727.27,0.00,-1.01,2.05 
1747830522.81,0,7.87,-726.97,4.35,6.65,0.53,7.87,-726.97,0.00,-0.99,2.10 
1747830522.91,0,7.81,-726.68,4.28,6.48,0.53,7.81,-726.68,0.00,-0.97,2.14 
1747830523.01,0,7.74,-726.43,3.51,5.84,0.65,7.74,-726.43,0.00,-0.96,2.16 
1747830523.21,0,7.55,-725.93,3.41,6.12,0.64,7.55,-725.93,0.00,-0.96,2.19 
1747830523.31,0,7.45,-725.63,3.32,5.81,0.53,7.45,-725.63,0.00,-0.96,2.23 
1747830523.51,0,7.21,-725.17,2.29,5.83,0.98,7.21,-725.17,0.00,-0.98,2.23 
1747830523.71,0,7.01,-724.71,2.23,4.97,0.75,7.01,-724.71,0.00,-0.98,2.24 
1747830523.91,0,6.82,-724.24,1.79,4.14,0.68,6.82,-724.24,0.00,-0.98,2.25 
1747830524.21,0,6.50,-723.59,1.66,3.30,0.86,6.50,-723.59,0.00,-0.99,2.24 
1747830524.31,0,6.40,-723.37,1.35,3.73,0.55,6.40,-723.37,0.00,-0.99,2.24 
1747830524.41,0,6.31,-723.14,1.67,2.78,0.46,6.31,-723.14,0.00,-0.99,2.24 
1747830524.61,0,6.12,-722.71,1.72,4.19,0.46,6.12,-722.71,0.00,-0.98,2.23 
1747830524.81,0,5.96,-722.31,2.00,4.52,0.35,5.96,-722.31,0.00,-0.97,2.21 
1747830524.91,0,5.92,-722.07,2.75,4.45,0.61,5.92,-722.07,0.00,-0.94,2.22 
1747830525.01,0,5.78,-721.85,2.20,4.14,1.06,5.78,-721.85,0.00,-0.96,2.22 
1747830525.11,0,5.68,-721.65,2.13,4.16,0.61,5.68,-721.65,0.00,-0.96,2.21 
1747830525.41,0,5.37,-721.03,2.61,4.40,0.62,5.37,-721.03,0.00,-0.98,2.19 
1747830525.61,0,5.12,-720.62,2.86,4.27,0.57,5.12,-720.62,0.00,-1.00,2.18 
1747830525.71,0,4.90,-720.39,2.95,6.75,0.82,4.90,-720.39,0.00,-1.06,2.18 
1747830525.81,0,4.71,-720.18,2.97,5.77,0.75,4.71,-720.18,0.00,-1.10,2.18 
1747830525.91,0,4.53,-719.98,3.17,5.56,0.68,4.53,-719.98,0.00,-1.13,2.17 
1747830526.11,0,4.25,-719.56,3.04,4.66,0.66,4.25,-719.56,0.00,-1.16,2.16 
1747830526.31,0,4.01,-719.16,2.05,4.60,0.52,4.01,-719.16,0.00,-1.16,2.15 
1747830526.71,0,3.52,-718.27,1.64,4.63,0.49,3.52,-718.27,0.00,-1.17,2.16 
1747830526.81,0,3.28,-717.92,1.72,5.59,0.63,3.28,-717.92,0.00,-1.23,2.22 
1747830526.91,0,3.03,-717.56,1.78,8.11,0.67,3.03,-717.56,0.00,-1.29,2.29 
1747830527.01,0,2.83,-717.28,2.03,6.53,0.68,2.83,-717.28,0.00,-1.32,2.31 
1747830527.11,0,2.68,-717.03,2.15,5.64,0.68,2.68,-717.03,0.00,-1.34,2.33 
1747830527.21,0,2.47,-716.70,2.16,9.60,0.67,2.47,-716.70,0.00,-1.37,2.37 
1747830527.31,0,2.28,-716.42,2.35,8.49,0.68,2.28,-716.42,0.00,-1.40,2.39 
1747830527.51,0,1.99,-715.89,2.17,6.77,0.52,1.99,-715.89,0.00,-1.40,2.42 
1747830527.61,0,1.83,-715.59,1.67,6.40,0.53,1.83,-715.59,0.00,-1.41,2.45 
1747830527.71,0,1.69,-715.33,1.73,4.89,0.52,1.69,-715.33,0.00,-1.41,2.45 
1747830527.91,0,1.40,-714.79,1.93,5.02,0.56,1.40,-714.79,0.00,-1.42,2.48 
1747830528.01,0,1.25,-714.52,1.72,4.99,0.55,1.25,-714.52,0.00,-1.42,2.49 
1747830528.11,0,1.11,-714.27,1.83,5.38,0.49,1.11,-714.27,0.00,-1.42,2.49 
1747830528.21,0,0.97,-714.01,1.83,5.26,0.49,0.97,-714.01,0.00,-1.42,2.50 
1747830528.31,0,0.77,-713.64,1.82,10.20,0.53,0.77,-713.64,0.00,-1.45,2.55 
1747830528.41,0,0.59,-713.32,1.80,9.12,0.55,0.59,-713.32,0.00,-1.47,2.59 
1747830528.61,0,0.22,-712.70,1.68,10.08,0.64,0.22,-712.70,0.00,-1.51,2.64 
1747830528.71,0,0.02,-712.37,1.61,8.27,0.63,0.02,-712.37,0.00,-1.53,2.67 
1747830528.81,0,-0.20,-712.05,2.04,7.94,0.73,-0.20,-712.05,0.00,-1.56,2.69 
1747830529.01,0,-0.55,-711.49,1.99,5.82,0.60,-0.55,-711.49,0.00,-1.58,2.71 
1747830529.11,0,-0.72,-711.22,1.81,5.53,0.59,-0.72,-711.22,0.00,-1.58,2.71 
1747830529.21,0,-0.91,-710.92,1.68,6.35,0.68,-0.91,-710.92,0.00,-1.60,2.72 
1747830529.41,0,-1.29,-710.34,1.83,6.13,0.80,-1.29,-710.34,0.00,-1.63,2.74 
1747830529.61,0,-1.77,-709.66,1.91,11.16,0.67,-1.77,-709.66,0.00,-1.70,2.80 
1747830529.81,0,-2.27,-708.97,2.39,10.25,0.72,-2.27,-708.97,0.00,-1.77,2.86 
1747830529.91,0,-2.57,-708.58,2.28,8.69,0.72,-2.57,-708.58,0.00,-1.84,2.91 
1747830530.01,0,-2.82,-708.26,2.38,6.81,0.73,-2.82,-708.26,0.00,-1.87,2.92 
1747830530.11,0,-3.06,-707.96,2.45,5.66,0.73,-3.06,-707.96,0.00,-1.89,2.93 
1747830530.21,0,-3.35,-707.60,2.54,9.85,0.68,-3.35,-707.60,0.00,-1.94,2.96 
1747830530.41,0,-3.84,-706.91,1.81,10.15,0.68,-3.84,-706.91,0.00,-1.99,3.01 
1747830530.51,0,-4.10,-706.56,1.85,9.39,0.64,-4.10,-706.56,0.00,-2.02,3.03 
1747830530.61,0,-4.35,-706.21,1.82,9.60,0.62,-4.35,-706.21,0.00,-2.04,3.05 
1747830530.71,0,-4.58,-705.88,1.66,8.98,0.62,-4.58,-705.88,0.00,-2.05,3.07 
1747830530.81,0,-4.83,-705.53,1.66,8.92,0.62,-4.83,-705.53,0.00,-2.08,3.09 
1747830530.91,0,-5.07,-705.20,1.68,8.75,0.64,-5.07,-705.20,0.00,-2.09,3.10 
1747830531.11,0,-5.54,-704.53,1.69,9.04,0.67,-5.54,-704.53,0.00,-2.12,3.12 
1747830531.21,0,-5.82,-704.17,1.79,9.24,0.67,-5.82,-704.17,0.00,-2.15,3.14 
1747830531.31,0,-6.07,-703.84,1.80,8.65,0.66,-6.07,-703.84,0.00,-2.16,3.15 
1747830531.41,0,-6.35,-703.49,2.33,7.77,0.69,-6.35,-703.49,0.00,-2.20,3.17 
1747830531.51,0,-6.60,-703.18,2.39,6.05,0.72,-6.60,-703.18,0.00,-2.21,3.16 
1747830531.61,0,-6.87,-702.86,2.48,7.95,0.70,-6.87,-702.86,0.00,-2.23,3.17 
1747830531.91,0,-7.58,-701.92,2.71,7.86,0.72,-7.58,-701.92,0.00,-2.25,3.16 
1747830532.01,0,-7.84,-701.60,1.86,8.07,0.68,-7.84,-701.60,0.00,-2.27,3.17 
1747830532.11,0,-8.09,-701.28,1.76,7.75,0.68,-8.09,-701.28,0.00,-2.28,3.16 
1747830532.21,0,-8.35,-700.95,1.79,7.08,0.68,-8.35,-700.95,0.00,-2.30,3.17 
1747830532.31,0,-8.57,-700.66,1.82,6.91,0.68,-8.57,-700.66,0.00,-2.29,3.16 
1747830532.41,0,-8.78,-700.38,1.63,6.23,0.71,-8.78,-700.38,0.00,-2.28,3.14 
1747830532.51,0,-9.05,-700.03,1.78,9.05,0.73,-9.05,-700.03,0.00,-2.30,3.16 
1747830532.61,0,-9.32,-699.68,1.62,8.67,0.71,-9.32,-699.68,0.00,-2.32,3.17 
1747830532.71,0,-9.56,-699.35,1.66,7.35,0.66,-9.56,-699.35,0.00,-2.33,3.18 
1747830532.81,0,-9.84,-698.98,1.76,9.21,0.66,-9.84,-698.98,0.00,-2.35,3.21 
1747830532.91,0,-10.12,-698.63,2.03,8.09,0.75,-10.12,-698.63,0.00,-2.37,3.22 
1747830533.01,0,-10.37,-698.31,2.16,8.30,0.74,-10.37,-698.31,0.00,-2.38,3.22 
1747830533.11,0,-10.63,-697.98,2.19,8.08,0.71,-10.63,-697.98,0.00,-2.39,3.22 
1747830533.21,0,-10.88,-697.67,2.34,7.00,0.72,-10.88,-697.67,0.00,-2.39,3.22 
1747830533.41,0,-11.40,-697.00,1.88,8.39,0.71,-11.40,-697.00,0.00,-2.41,3.23 
1747830533.51,0,-11.67,-696.65,1.78,8.63,0.71,-11.67,-696.65,0.00,-2.43,3.24 
1747830533.71,0,-12.18,-695.98,2.12,9.09,0.69,-12.18,-695.98,0.00,-2.44,3.25 
1747830533.81,0,-12.46,-695.63,2.15,7.73,0.66,-12.46,-695.63,0.00,-2.46,3.26 
1747830533.91,0,-12.75,-695.25,1.88,9.31,0.68,-12.75,-695.25,0.00,-2.48,3.29 
1747830534.01,0,-13.02,-694.89,1.60,9.41,0.66,-13.02,-694.89,0.00,-2.49,3.30 
1747830534.11,0,-13.31,-694.53,2.35,9.12,0.66,-13.31,-694.53,0.00,-2.51,3.32 
1747830534.31,0,-13.85,-693.84,2.36,8.83,0.65,-13.85,-693.84,0.00,-2.52,3.33 
1747830534.51,0,-14.39,-693.15,2.32,9.04,0.64,-14.39,-693.15,0.00,-2.54,3.34 
1747830534.61,0,-14.46,-693.15,2.67,9.51,0.70,-14.46,-693.15,0.00,-2.46,3.19 
1747830534.71,0,-14.56,-693.11,3.07,10.09,0.70,-14.56,-693.11,0.00,-2.39,3.05 
1747830534.81,0,-14.68,-693.05,3.53,10.77,0.70,-14.68,-693.05,0.00,-2.33,2.93 
1747830534.91,0,-14.80,-692.99,4.09,11.55,0.72,-14.80,-692.99,0.00,-2.28,2.83 
1747830535.11,0,-15.40,-692.20,3.15,13.51,0.72,-15.40,-692.20,0.00,-2.35,2.93 
1747830535.31,0,-16.00,-691.37,3.54,13.51,0.75,-16.00,-691.37,0.00,-2.41,3.05 
1747830535.41,0,-16.39,-690.82,3.22,13.12,0.73,-16.39,-690.82,0.00,-2.47,3.16 
1747830535.51,0,-16.74,-690.31,3.07,12.17,0.73,-16.74,-690.31,0.00,-2.53,3.25 
1747830535.61,0,-17.12,-689.79,2.82,12.13,0.73,-17.12,-689.79,0.00,-2.59,3.34 
1747830535.81,0,-17.74,-688.96,2.69,13.03,0.69,-17.74,-688.96,0.00,-2.64,3.42 
1747830536.01,0,-18.37,-688.10,2.62,13.20,0.57,-18.37,-688.10,0.00,-2.68,3.51 
1747830536.11,0,-18.57,-688.06,3.21,13.72,0.78,-18.57,-688.06,0.00,-2.65,3.36 
1747830536.51,0,-19.53,-687.14,3.82,14.48,0.77,-19.53,-687.14,0.00,-2.61,3.17 
1747830536.91,0,-21.05,-685.01,8.23,10.01,1.27,-21.05,-685.01,0.00,-2.82,3.55 
1747830537.01,0,-21.50,-684.44,6.86,11.16,1.26,-21.50,-684.44,0.00,-2.90,3.66 
1747830537.41,0,-22.98,-682.80,5.18,14.26,0.87,-22.98,-682.80,0.00,-3.05,3.74 
1747830537.71,0,-23.54,-681.92,6.00,15.60,0.63,-23.54,-681.92,0.00,-2.88,3.62 
1747830537.81,0,-23.53,-681.80,6.86,17.23,0.64,-23.53,-681.80,0.00,-2.74,3.51 
1747830538.01,0,-23.79,-681.31,7.73,19.15,0.62,-23.79,-681.31,0.00,-2.60,3.41 
1747830538.41,0,-25.38,-679.33,3.10,16.85,0.83,-25.38,-679.33,0.00,-2.86,3.70 
1747830538.51,0,-25.97,-678.58,3.02,14.03,0.76,-25.97,-678.58,0.00,-3.00,3.88 
1747830538.71,0,-26.88,-677.56,3.28,9.64,1.09,-26.88,-677.56,0.00,-3.15,4.00 
1747830539.01,0,-28.13,-676.07,2.57,14.30,0.78,-28.13,-676.07,0.00,-3.30,4.14 
1747830539.11,0,-28.65,-675.42,1.89,11.84,0.74,-28.65,-675.42,0.00,-3.39,4.25 
1747830539.21,0,-29.12,-674.83,2.00,12.12,0.75,-29.12,-674.83,0.00,-3.46,4.33 
1747830539.41,0,-29.95,-673.81,2.07,10.97,0.80,-29.95,-673.81,0.00,-3.52,4.41 
1747830539.51,0,-30.40,-673.24,2.20,10.25,0.71,-30.40,-673.24,0.00,-3.57,4.47 
1747830539.71,0,-31.19,-672.21,1.98,9.12,0.70,-31.19,-672.21,0.00,-3.61,4.53 
1747830539.81,0,-31.58,-671.69,1.79,9.52,0.72,-31.58,-671.69,0.00,-3.62,4.57 
1747830539.91,0,-31.96,-671.24,2.30,8.41,0.74,-31.96,-671.24,0.00,-3.63,4.57 
1747830540.01,0,-32.29,-670.86,2.31,9.08,0.72,-32.29,-670.86,0.00,-3.62,4.53 
1747830540.11,0,-32.65,-670.43,2.53,6.84,0.72,-32.65,-670.43,0.00,-3.61,4.52 
1747830540.31,0,-33.33,-669.57,2.43,9.45,0.71,-33.33,-669.57,0.00,-3.60,4.50 
1747830540.51,0,-34.04,-668.72,2.79,9.42,0.80,-34.04,-668.72,0.00,-3.59,4.47 
1747830540.61,0,-34.41,-668.29,2.10,6.96,0.80,-34.41,-668.29,0.00,-3.59,4.46 
1747830540.81,0,-35.10,-667.43,1.79,7.42,0.81,-35.10,-667.43,0.00,-3.58,4.45 
1747830541.01,0,-35.76,-666.61,2.09,8.78,0.78,-35.76,-666.61,0.00,-3.55,4.41 
1747830541.11,0,-36.06,-666.23,1.96,8.37,0.67,-36.06,-666.23,0.00,-3.53,4.38 
1747830541.21,0,-36.34,-665.86,2.29,9.33,0.74,-36.34,-665.86,0.00,-3.49,4.35 
1747830541.31,0,-36.60,-665.54,2.10,11.06,0.71,-36.60,-665.54,0.00,-3.45,4.30 
1747830541.41,0,-36.88,-665.16,1.99,9.97,0.74,-36.88,-665.16,0.00,-3.42,4.27 
1747830541.51,0,-37.13,-664.83,2.13,11.18,0.71,-37.13,-664.83,0.00,-3.37,4.22 
1747830541.61,0,-37.40,-664.49,2.06,10.84,0.71,-37.40,-664.49,0.00,-3.34,4.19 
1747830541.81,0,-37.97,-663.74,2.05,10.89,0.74,-37.97,-663.74,0.00,-3.29,4.14 
1747830541.91,0,-38.26,-663.35,2.11,9.24,0.72,-38.26,-663.35,0.00,-3.27,4.13 
1747830542.01,0,-38.53,-662.99,2.19,10.45,0.68,-38.53,-662.99,0.00,-3.24,4.11 
1747830542.11,0,-38.81,-662.60,2.06,7.80,0.70,-38.81,-662.60,0.00,-3.23,4.10 
1747830542.21,0,-39.08,-662.24,2.11,8.66,0.69,-39.08,-662.24,0.00,-3.20,4.07 
1747830542.31,0,-39.35,-661.90,2.10,10.06,0.73,-39.35,-661.90,0.00,-3.18,4.04 
1747830542.41,0,-39.63,-661.54,2.09,8.57,0.73,-39.63,-661.54,0.00,-3.16,4.02 
1747830542.51,0,-39.91,-661.17,2.28,8.25,0.70,-39.91,-661.17,0.00,-3.14,4.00 
1747830542.91,0,-41.08,-659.67,2.12,10.57,0.77,-41.08,-659.67,0.00,-3.10,3.96 
1747830543.01,0,-41.33,-659.34,2.15,10.39,0.74,-41.33,-659.34,0.00,-3.07,3.92 
1747830543.11,0,-41.64,-658.96,2.16,6.57,0.74,-41.64,-658.96,0.00,-3.07,3.92 
1747830543.21,0,-41.92,-658.62,2.31,7.93,0.73,-41.92,-658.62,0.00,-3.06,3.90 
1747830543.31,0,-42.18,-658.29,2.24,8.99,0.72,-42.18,-658.29,0.00,-3.04,3.87 
1747830543.41,0,-42.42,-657.99,2.28,10.87,0.70,-42.42,-657.99,0.00,-3.01,3.82 
1747830543.51,0,-42.68,-657.65,2.65,8.56,0.60,-42.68,-657.65,0.00,-2.99,3.80 
1747830543.61,0,-42.69,-657.68,2.94,9.26,0.62,-42.69,-657.68,0.00,-2.84,3.59 
1747830543.81,0,-42.95,-657.42,3.25,10.08,0.63,-42.95,-657.42,0.00,-2.68,3.36 
1747830543.91,0,-42.95,-657.47,3.63,11.04,0.62,-42.95,-657.47,0.00,-2.55,3.17 
1747830544.01,0,-42.93,-657.54,4.07,12.17,0.63,-42.93,-657.54,0.00,-2.41,2.98 
1747830544.11,0,-42.95,-657.56,4.58,13.48,0.63,-42.95,-657.56,0.00,-2.30,2.82 
1747830544.21,0,-43.31,-657.08,2.49,13.61,0.71,-43.31,-657.08,0.00,-2.37,2.92 
1747830544.31,0,-43.65,-656.64,2.91,12.93,0.77,-43.65,-656.64,0.00,-2.42,2.99 
1747830544.41,0,-43.96,-656.23,2.66,11.41,0.72,-43.96,-656.23,0.00,-2.46,3.05 
1747830544.51,0,-44.31,-655.79,2.52,12.28,0.67,-44.31,-655.79,0.00,-2.50,3.12 
1747830544.61,0,-44.61,-655.39,2.53,10.09,0.67,-44.61,-655.39,0.00,-2.53,3.16 
1747830544.71,0,-44.95,-654.95,2.50,12.28,0.67,-44.95,-654.95,0.00,-2.57,3.22 
1747830544.81,0,-45.29,-654.50,3.06,10.49,0.84,-45.29,-654.50,0.00,-2.61,3.28 
1747830545.11,0,-46.17,-653.39,2.11,11.08,0.73,-46.17,-653.39,0.00,-2.66,3.34 
1747830545.81,0,-48.28,-650.71,3.67,9.65,0.89,-48.28,-650.71,0.00,-2.76,3.48 
1747830545.91,0,-48.72,-650.17,2.95,9.48,0.86,-48.72,-650.17,0.00,-2.84,3.57 
1747830546.11,0,-49.34,-649.39,2.46,8.42,0.65,-49.34,-649.39,0.00,-2.86,3.60 
1747830546.21,0,-49.66,-649.01,2.60,9.03,0.78,-49.66,-649.01,0.00,-2.88,3.61 
1747830546.31,0,-49.98,-648.63,2.19,8.36,0.69,-49.98,-648.63,0.00,-2.89,3.62 
1747830546.51,0,-50.58,-647.87,2.34,8.38,0.68,-50.58,-647.87,0.00,-2.90,3.64 
1747830546.61,0,-50.86,-647.50,2.43,7.00,0.70,-50.86,-647.50,0.00,-2.90,3.64 
1747830546.71,0,-51.17,-647.12,2.37,8.18,0.64,-51.17,-647.12,0.00,-2.91,3.65 
1747830546.81,0,-51.48,-646.72,2.41,7.80,0.62,-51.48,-646.72,0.00,-2.92,3.67 
1747830546.91,0,-51.77,-646.36,2.46,7.20,0.64,-51.77,-646.36,0.00,-2.92,3.67 
1747830547.01,0,-52.03,-646.02,2.47,9.17,0.69,-52.03,-646.02,0.00,-2.90,3.65 
1747830547.11,0,-52.31,-645.65,2.53,8.57,0.64,-52.31,-645.65,0.00,-2.90,3.65 
1747830547.31,0,-52.88,-644.95,2.43,8.83,0.68,-52.88,-644.95,0.00,-2.89,3.64 
1747830547.61,0,-53.74,-643.87,2.38,8.41,0.69,-53.74,-643.87,0.00,-2.89,3.63 
1747830547.81,0,-54.39,-643.05,2.40,8.96,0.70,-54.39,-643.05,0.00,-2.92,3.68 
1747830547.91,0,-54.73,-642.64,2.43,8.59,0.72,-54.73,-642.64,0.00,-2.95,3.70 
1747830548.11,0,-55.35,-641.87,2.52,7.88,0.73,-55.35,-641.87,0.00,-2.97,3.72 
1747830548.21,0,-55.65,-641.51,2.54,8.21,0.71,-55.65,-641.51,0.00,-2.97,3.71 
1747830548.31,0,-55.98,-641.13,2.38,8.72,0.66,-55.98,-641.13,0.00,-2.98,3.72 
1747830548.41,0,-56.26,-640.78,2.20,9.87,0.65,-56.26,-640.78,0.00,-2.98,3.70 
1747830548.51,0,-56.56,-640.42,2.39,8.28,0.63,-56.56,-640.42,0.00,-2.98,3.70 
1747830548.61,0,-56.85,-640.07,2.25,9.76,0.63,-56.85,-640.07,0.00,-2.97,3.69 
1747830548.71,0,-57.12,-639.74,2.25,9.34,0.63,-57.12,-639.74,0.00,-2.96,3.67 
1747830548.81,0,-57.40,-639.39,2.29,9.37,0.64,-57.40,-639.39,0.00,-2.95,3.66 
1747830548.81,1,-133.94,-584.13,3.58,0.37,0.85,-133.94,-584.13,0.00,-0.02,-0.20 
1747830548.91,0,-57.70,-639.01,2.24,7.56,0.64,-57.70,-639.01,0.00,-2.95,3.67 
1747830548.91,1,-133.89,-584.07,3.72,0.49,0.91,-133.89,-584.07,0.00,0.01,-0.15 
1747830549.01,0,-58.00,-638.62,2.30,8.88,0.65,-58.00,-638.62,0.00,-2.96,3.68 
1747830549.01,1,-133.83,-584.06,3.20,0.86,0.96,-133.83,-584.06,0.00,0.04,-0.13 
1747830549.11,0,-58.29,-638.25,2.33,7.76,0.66,-58.29,-638.25,0.00,-2.95,3.68 
1747830549.11,1,-133.79,-584.03,3.24,0.62,0.89,-133.79,-584.03,0.00,0.06,-0.11 
1747830549.21,0,-58.60,-637.85,2.23,9.11,0.65,-58.60,-637.85,0.00,-2.96,3.70 
1747830549.21,1,-133.75,-584.02,3.12,0.65,0.89,-133.75,-584.02,0.00,0.08,-0.10 
1747830549.31,0,-58.91,-637.45,2.24,10.11,0.64,-58.91,-637.45,0.00,-2.97,3.71 
1747830549.31,1,-133.74,-583.99,2.82,0.96,0.89,-133.74,-583.99,0.00,0.08,-0.08 
1747830549.41,0,-59.20,-637.07,2.28,9.69,0.62,-59.20,-637.07,0.00,-2.96,3.71 
1747830549.41,1,-133.71,-583.98,2.97,0.63,0.87,-133.71,-583.98,0.00,0.09,-0.07 
1747830549.51,0,-59.50,-636.69,2.33,9.00,0.62,-59.50,-636.69,0.00,-2.96,3.72 
1747830549.51,1,-133.68,-583.97,2.87,0.47,0.90,-133.68,-583.97,0.00,0.10,-0.06 
1747830549.61,0,-59.80,-636.30,2.38,9.67,0.62,-59.80,-636.30,0.00,-2.96,3.73 
1747830549.61,1,-133.65,-583.96,2.81,0.54,0.82,-133.65,-583.96,0.00,0.11,-0.05 
1747830549.71,0,-60.12,-635.89,2.32,10.41,0.62,-60.12,-635.89,0.00,-2.98,3.75 
1747830549.71,1,-133.66,-583.96,1.71,0.80,0.77,-133.66,-583.96,0.00,0.10,-0.05 
1747830549.81,0,-60.44,-635.46,2.39,10.01,0.59,-60.44,-635.46,0.00,-2.99,3.77 
1747830549.81,1,-133.65,-583.96,1.75,0.23,0.80,-133.65,-583.96,0.00,0.10,-0.05 
1747830549.91,0,-60.77,-635.02,2.36,10.43,0.59,-60.77,-635.02,0.00,-3.00,3.80 
1747830549.91,1,-133.64,-583.95,1.78,0.30,0.84,-133.64,-583.95,0.00,0.10,-0.04 
1747830550.31,0,-61.99,-633.40,2.76,10.80,0.56,-61.99,-633.40,0.00,-3.01,3.85 
1747830550.31,1,-133.58,-583.99,1.77,0.39,0.79,-133.58,-583.99,0.00,0.11,-0.05 
1747830550.51,0,-62.63,-632.52,2.32,7.58,0.66,-62.63,-632.52,0.00,-3.03,3.90 
1747830550.61,0,-63.02,-631.99,2.36,11.27,0.62,-63.02,-631.99,0.00,-3.07,3.96 
1747830550.61,1,-133.56,-584.03,1.57,0.12,0.88,-133.56,-584.03,0.00,0.10,-0.06 
1747830550.71,0,-63.39,-631.50,2.31,11.12,0.62,-63.39,-631.50,0.00,-3.10,4.01 
1747830550.81,0,-63.71,-631.07,2.48,9.44,0.62,-63.71,-631.07,0.00,-3.10,4.03 
1747830550.81,1,-133.60,-584.04,1.56,0.17,0.79,-133.60,-584.04,0.00,0.08,-0.06 
1747830550.91,0,-64.06,-630.57,3.00,10.52,0.81,-64.06,-630.57,0.00,-3.13,4.07 
1747830550.91,1,-133.58,-584.03,1.64,0.21,0.88,-133.58,-584.03,0.00,0.08,-0.05 
1747830551.01,0,-64.39,-630.12,2.53,10.56,0.65,-64.39,-630.12,0.00,-3.13,4.09 
1747830551.01,1,-133.55,-584.02,1.74,0.25,0.96,-133.55,-584.02,0.00,0.09,-0.05 
1747830551.11,0,-64.75,-629.63,2.40,11.10,0.55,-64.75,-629.63,0.00,-3.16,4.13 
1747830551.11,1,-133.51,-584.01,1.89,0.29,1.05,-133.51,-584.01,0.00,0.11,-0.03 
1747830551.31,0,-65.43,-628.72,2.56,11.18,0.55,-65.43,-628.72,0.00,-3.18,4.18 
1747830551.31,1,-133.40,-583.88,2.21,0.32,1.09,-133.40,-583.88,0.00,0.15,0.03 
1747830551.41,0,-65.80,-628.20,2.87,10.96,0.65,-65.80,-628.20,0.00,-3.20,4.23 
1747830551.51,0,-66.18,-627.67,2.66,12.21,0.66,-66.18,-627.67,0.00,-3.24,4.28 
1747830551.51,1,-133.21,-583.62,4.41,0.20,1.01,-133.21,-583.62,0.00,0.23,0.15 
1747830551.61,0,-66.57,-627.15,2.19,10.60,0.64,-66.57,-627.15,0.00,-3.27,4.33 
1747830551.61,1,-133.15,-583.57,3.00,0.49,0.93,-133.15,-583.57,0.00,0.25,0.17 
1747830551.81,0,-67.29,-626.21,2.24,12.09,0.69,-67.29,-626.21,0.00,-3.30,4.36 
1747830551.81,1,-133.17,-583.58,3.34,0.56,0.87,-133.17,-583.58,0.00,0.21,0.15 
1747830551.91,0,-67.67,-625.72,2.35,11.02,0.68,-67.67,-625.72,0.00,-3.33,4.39 
1747830552.11,0,-68.42,-624.76,2.22,12.30,0.77,-68.42,-624.76,0.00,-3.37,4.43 
1747830552.11,1,-133.31,-583.68,3.57,0.65,0.85,-133.31,-583.68,0.00,0.12,0.08 
1747830552.21,0,-68.85,-624.23,2.27,11.77,0.73,-68.85,-624.23,0.00,-3.41,4.47 
1747830552.21,1,-133.34,-583.74,3.25,0.86,0.84,-133.34,-583.74,0.00,0.10,0.05 
1747830552.31,0,-69.26,-623.72,2.08,10.61,0.70,-69.26,-623.72,0.00,-3.45,4.50 
1747830552.31,1,-133.39,-583.76,2.94,1.11,0.84,-133.39,-583.76,0.00,0.07,0.03 
1747830552.51,0,-70.04,-622.71,2.24,12.05,0.61,-70.04,-622.71,0.00,-3.49,4.56 
1747830552.51,1,-133.41,-583.76,2.57,1.06,0.87,-133.41,-583.76,0.00,0.05,0.03 
1747830552.61,0,-70.45,-622.15,1.71,11.64,0.66,-70.45,-622.15,0.00,-3.52,4.60 
1747830552.61,1,-133.39,-583.77,2.95,0.97,0.66,-133.39,-583.77,0.00,0.06,0.02 
1747830552.71,0,-70.88,-621.59,2.09,11.66,0.76,-70.88,-621.59,0.00,-3.56,4.65 
1747830552.71,1,-133.37,-583.75,2.81,0.56,0.62,-133.37,-583.75,0.00,0.07,0.04 
1747830552.81,0,-71.33,-621.02,2.15,10.84,0.84,-71.33,-621.02,0.00,-3.60,4.70 
1747830552.81,1,-133.35,-583.73,2.96,0.56,0.71,-133.35,-583.73,0.00,0.08,0.04 
1747830553.01,0,-72.03,-620.13,2.50,8.75,0.67,-72.03,-620.13,0.00,-3.59,4.68 
1747830553.01,1,-133.31,-583.74,2.59,1.04,0.71,-133.31,-583.74,0.00,0.09,0.04 
1747830553.11,0,-72.44,-619.62,2.47,11.56,0.67,-72.44,-619.62,0.00,-3.62,4.70 
1747830553.11,1,-133.36,-583.68,2.57,1.48,0.82,-133.36,-583.68,0.00,0.06,0.06 
1747830553.31,0,-73.21,-618.66,2.63,11.03,0.67,-73.21,-618.66,0.00,-3.64,4.71 
1747830553.31,1,-133.36,-583.60,1.43,5.21,0.14,-133.36,-583.60,0.00,0.05,0.09 
1747830553.41,0,-73.66,-618.11,2.47,11.40,0.68,-73.66,-618.11,0.00,-3.68,4.75 
1747830553.41,1,-133.37,-583.53,1.22,5.03,0.16,-133.37,-583.53,0.00,0.05,0.12 
1747830553.81,0,-75.23,-616.13,2.53,10.71,0.67,-75.23,-616.13,0.00,-3.73,4.78 
1747830553.81,1,-133.35,-583.54,2.66,0.62,1.07,-133.35,-583.54,0.00,0.04,0.09 
1747830553.91,0,-75.80,-615.46,2.67,10.61,0.65,-75.80,-615.46,0.00,-3.82,4.88 
1747830553.91,1,-133.36,-583.57,2.59,0.86,1.07,-133.36,-583.57,0.00,0.04,0.08 
1747830554.01,0,-76.31,-614.86,2.60,9.97,0.64,-76.31,-614.86,0.00,-3.88,4.93 
1747830554.01,1,-133.33,-583.60,2.76,1.45,1.17,-133.33,-583.60,0.00,0.05,0.06 
1747830554.21,0,-77.13,-613.84,2.39,9.88,0.70,-77.13,-613.84,0.00,-3.90,4.95 
1747830554.21,1,-133.31,-583.63,2.73,1.35,1.17,-133.31,-583.63,0.00,0.06,0.04 
1747830554.31,0,-77.55,-613.34,2.39,9.57,0.70,-77.55,-613.34,0.00,-3.91,4.95 
1747830554.31,1,-133.29,-583.65,2.71,1.29,1.22,-133.29,-583.65,0.00,0.06,0.03 
1747830554.61,0,-78.78,-611.82,2.46,10.02,0.69,-78.78,-611.82,0.00,-3.94,4.96 
1747830554.61,1,-133.28,-583.71,2.57,0.84,0.90,-133.28,-583.71,0.00,0.06,-0.01 
1747830554.71,0,-79.17,-611.38,2.43,9.69,0.70,-79.17,-611.38,0.00,-3.94,4.94 
1747830554.71,1,-133.28,-583.76,2.46,0.75,0.90,-133.28,-583.76,0.00,0.06,-0.03 
1747830554.81,0,-79.60,-610.88,2.52,9.70,0.67,-79.60,-610.88,0.00,-3.95,4.94 
1747830554.81,1,-133.29,-583.75,1.89,0.99,0.94,-133.29,-583.75,0.00,0.05,-0.02 
1747830554.91,0,-80.08,-610.32,2.55,9.62,0.67,-80.08,-610.32,0.00,-4.00,4.97 
1747830554.91,1,-133.28,-583.77,2.14,0.76,0.94,-133.28,-583.77,0.00,0.05,-0.03 
1747830555.21,0,-81.28,-608.86,2.37,8.89,0.67,-81.28,-608.86,0.00,-4.00,4.96 
1747830555.21,1,-133.25,-583.79,1.78,0.69,1.02,-133.25,-583.79,0.00,0.06,-0.04 
1747830555.31,0,-81.70,-608.35,2.27,9.35,0.70,-81.70,-608.35,0.00,-4.01,4.96 
1747830555.31,1,-133.23,-583.78,1.95,0.28,1.02,-133.23,-583.78,0.00,0.07,-0.03 
1747830555.61,0,-82.94,-606.86,2.37,9.60,0.69,-82.94,-606.86,0.00,-4.02,4.96 
1747830555.61,1,-133.20,-583.80,1.90,0.53,1.02,-133.20,-583.80,0.00,0.07,-0.03 
1747830555.81,0,-83.81,-605.79,1.86,8.14,0.74,-83.81,-605.79,0.00,-4.06,5.00 
1747830555.81,1,-133.17,-583.79,1.88,0.19,0.90,-133.17,-583.79,0.00,0.08,-0.03 
1747830556.01,0,-84.61,-604.82,1.94,8.88,0.72,-84.61,-604.82,0.00,-4.05,4.99 
1747830556.01,1,-133.15,-583.78,1.81,0.18,0.90,-133.15,-583.78,0.00,0.08,-0.02 
1747830556.11,0,-84.97,-604.36,1.93,10.01,0.70,-84.97,-604.36,0.00,-4.03,4.97 
1747830556.11,1,-133.15,-583.74,1.82,0.25,0.90,-133.15,-583.74,0.00,0.08,-0.00 
1747830556.21,0,-85.36,-603.89,1.92,8.96,0.71,-85.36,-603.89,0.00,-4.03,4.96 
1747830556.21,1,-133.15,-583.76,2.10,0.36,0.87,-133.15,-583.76,0.00,0.07,-0.01 
1747830556.31,0,-85.75,-603.41,1.91,10.20,0.71,-85.75,-603.41,0.00,-4.02,4.95 
1747830556.31,1,-133.15,-583.73,2.11,0.47,0.97,-133.15,-583.73,0.00,0.07,0.01 
1747830556.41,0,-86.13,-602.94,1.92,8.34,0.71,-86.13,-602.94,0.00,-4.01,4.94 
1747830556.41,1,-133.14,-583.69,2.24,0.56,0.97,-133.14,-583.69,0.00,0.07,0.03 
1747830556.51,0,-86.48,-602.49,2.01,8.48,0.68,-86.48,-602.49,0.00,-3.98,4.92 
1747830556.51,1,-133.13,-583.65,2.89,0.81,0.92,-133.13,-583.65,0.00,0.07,0.04 
1747830556.61,0,-86.89,-601.99,1.66,8.41,0.75,-86.89,-601.99,0.00,-3.99,4.92 
1747830556.61,1,-133.12,-583.62,2.73,0.94,0.94,-133.12,-583.62,0.00,0.07,0.06 
1747830556.71,0,-87.28,-601.50,2.00,8.65,0.68,-87.28,-601.50,0.00,-3.98,4.92 
1747830556.71,1,-133.11,-583.58,2.33,0.89,0.94,-133.11,-583.58,0.00,0.07,0.07 
1747830556.81,0,-87.69,-600.98,2.10,9.19,0.69,-87.69,-600.98,0.00,-3.99,4.93 
1747830556.81,1,-133.11,-583.53,2.66,1.33,0.83,-133.11,-583.53,0.00,0.07,0.09 
1747830556.91,0,-88.08,-600.51,2.06,8.53,0.66,-88.08,-600.51,0.00,-3.99,4.92 
1747830556.91,1,-133.11,-583.52,2.16,0.63,0.78,-133.11,-583.52,0.00,0.07,0.09 
1747830557.01,0,-88.47,-600.02,1.97,9.73,0.66,-88.47,-600.02,0.00,-3.98,4.92 
1747830557.01,1,-133.13,-583.51,2.27,0.74,0.74,-133.13,-583.51,0.00,0.06,0.10 
1747830557.11,0,-88.84,-599.57,2.06,10.35,0.67,-88.84,-599.57,0.00,-3.97,4.90 
1747830557.11,1,-133.14,-583.52,2.90,0.80,0.73,-133.14,-583.52,0.00,0.05,0.08 
1747830557.21,0,-89.21,-599.12,2.05,10.49,0.68,-89.21,-599.12,0.00,-3.95,4.88 
1747830557.21,1,-133.14,-583.54,2.66,0.52,0.97,-133.14,-583.54,0.00,0.04,0.07 
1747830557.31,0,-89.56,-598.69,2.04,11.47,0.67,-89.56,-598.69,0.00,-3.93,4.85 
1747830557.31,1,-133.13,-583.56,2.72,0.64,0.96,-133.13,-583.56,0.00,0.05,0.06 
1747830557.41,0,-89.91,-598.24,2.47,10.50,0.66,-89.91,-598.24,0.00,-3.91,4.84 
1747830557.41,1,-133.13,-583.57,2.74,0.48,1.01,-133.13,-583.57,0.00,0.04,0.05 
1747830557.51,0,-90.25,-597.78,3.46,10.16,1.42,-90.25,-597.78,0.00,-3.89,4.82 
1747830557.51,1,-133.13,-583.59,2.77,0.59,1.15,-133.13,-583.59,0.00,0.04,0.04 
1747830557.61,0,-90.64,-597.29,5.72,7.79,0.01,-90.64,-597.29,0.00,-3.89,4.82 
1747830557.61,1,-133.13,-583.58,2.32,0.94,1.15,-133.13,-583.58,0.00,0.04,0.04 
1747830557.71,0,-91.02,-596.84,5.35,8.68,0.07,-91.02,-596.84,0.00,-3.88,4.81 
1747830557.71,1,-133.14,-583.58,2.28,0.88,1.18,-133.14,-583.58,0.00,0.03,0.04 
1747830557.81,0,-91.36,-596.39,6.19,10.07,0.08,-91.36,-596.39,0.00,-3.86,4.79 
1747830557.81,1,-133.14,-583.57,2.47,0.86,1.14,-133.14,-583.57,0.00,0.03,0.04 
1747830557.91,0,-91.73,-595.97,4.99,10.56,0.16,-91.73,-595.97,0.00,-3.85,4.77 
1747830557.91,1,-133.14,-583.55,2.79,1.37,1.16,-133.14,-583.55,0.00,0.03,0.05 
1747830558.01,0,-92.09,-595.50,2.11,9.04,0.72,-92.09,-595.50,0.00,-3.84,4.76 
1747830558.01,1,-133.12,-583.58,2.85,1.73,0.92,-133.12,-583.58,0.00,0.04,0.03 
1747830558.21,0,-92.84,-594.54,2.07,8.47,0.76,-92.84,-594.54,0.00,-3.83,4.76 
1747830558.21,1,-133.10,-583.58,2.53,1.13,0.93,-133.10,-583.58,0.00,0.04,0.03 
1747830558.41,0,-93.51,-593.67,1.90,10.33,0.76,-93.51,-593.67,0.00,-3.79,4.73 
1747830558.41,1,-133.11,-583.59,2.45,0.93,0.85,-133.11,-583.59,0.00,0.04,0.02 
1747830558.61,0,-94.14,-592.82,2.40,9.49,0.63,-94.14,-592.82,0.00,-3.73,4.68 
1747830558.61,1,-133.08,-583.62,2.53,1.56,1.21,-133.08,-583.62,0.00,0.05,0.00 
1747830558.71,0,-94.38,-592.48,2.36,10.66,0.63,-94.38,-592.48,0.00,-3.66,4.62 
1747830558.71,1,-133.05,-583.65,2.47,1.46,1.21,-133.05,-583.65,0.00,0.06,-0.01 
1747830558.91,0,-95.03,-591.58,2.44,6.07,0.69,-95.03,-591.58,0.00,-3.62,4.61 
1747830558.91,1,-133.04,-583.65,1.82,0.66,1.25,-133.04,-583.65,0.00,0.06,-0.01 
1747830559.01,0,-95.29,-591.19,2.36,8.13,0.67,-95.29,-591.19,0.00,-3.58,4.58 
1747830559.01,1,-133.02,-583.67,2.06,1.07,1.18,-133.02,-583.67,0.00,0.06,-0.01 
1747830559.11,0,-95.58,-590.78,2.22,7.62,0.67,-95.58,-590.78,0.00,-3.54,4.55 
1747830559.11,1,-133.02,-583.67,2.11,0.90,1.11,-133.02,-583.67,0.00,0.06,-0.01 
1747830559.21,0,-95.86,-590.36,2.47,6.55,0.65,-95.86,-590.36,0.00,-3.51,4.54 
1747830559.21,1,-133.03,-583.67,2.06,0.84,1.11,-133.03,-583.67,0.00,0.06,-0.01 
1747830559.41,0,-96.50,-589.47,2.48,10.47,0.62,-96.50,-589.47,0.00,-3.48,4.53 
1747830559.41,1,-133.01,-583.68,2.21,0.96,1.11,-133.01,-583.68,0.00,0.06,-0.02 
1747830559.51,0,-96.80,-589.04,2.33,9.76,0.68,-96.80,-589.04,0.00,-3.45,4.52 
1747830559.51,1,-133.00,-583.69,2.27,0.77,1.14,-133.00,-583.69,0.00,0.06,-0.02 
1747830560.01,0,-98.56,-586.66,2.31,6.62,0.69,-98.56,-586.66,0.00,-3.47,4.57 
1747830560.01,1,-132.96,-583.66,2.62,0.76,1.09,-132.96,-583.66,0.00,0.06,-0.00 
1747830560.11,0,-98.92,-586.11,2.24,7.17,0.67,-98.92,-586.11,0.00,-3.48,4.61 
1747830560.11,1,-132.96,-583.59,2.91,1.27,1.09,-132.96,-583.59,0.00,0.06,0.03 
1747830560.31,0,-99.58,-585.21,2.03,7.64,0.67,-99.58,-585.21,0.00,-3.46,4.61 
1747830560.31,1,-132.97,-583.56,2.54,1.19,1.09,-132.97,-583.56,0.00,0.05,0.04 
1747830560.41,0,-99.85,-584.82,2.04,9.69,0.64,-99.85,-584.82,0.00,-3.42,4.57 
1747830560.41,1,-132.96,-583.56,2.35,0.84,1.09,-132.96,-583.56,0.00,0.05,0.04 
1747830560.61,0,-100.43,-584.02,2.14,11.40,0.65,-100.43,-584.02,0.00,-3.37,4.51 
1747830560.61,1,-132.94,-583.56,2.29,0.69,1.17,-132.94,-583.56,0.00,0.06,0.03 
1747830560.71,0,-100.71,-583.61,2.37,9.02,0.70,-100.71,-583.61,0.00,-3.34,4.49 
1747830560.71,1,-132.95,-583.54,2.34,0.94,1.17,-132.95,-583.54,0.00,0.05,0.04 
1747830560.81,0,-101.04,-583.30,2.93,9.36,0.68,-101.04,-583.30,0.00,-3.34,4.42 
1747830560.81,1,-132.94,-583.54,2.26,0.86,1.32,-132.94,-583.54,0.00,0.05,0.04 
1747830560.91,0,-101.34,-582.84,5.14,6.01,0.04,-101.34,-582.84,0.00,-3.32,4.43 
1747830560.91,1,-132.94,-583.51,2.56,1.12,1.37,-132.94,-583.51,0.00,0.05,0.05 
1747830561.01,0,-101.61,-582.42,5.81,7.66,0.12,-101.61,-582.42,0.00,-3.29,4.42 
1747830561.01,1,-132.92,-583.51,2.12,1.30,1.38,-132.92,-583.51,0.00,0.06,0.05 
1747830561.11,0,-101.97,-582.06,5.85,8.80,0.66,-101.97,-582.06,0.00,-3.31,4.38 
1747830561.11,1,-132.92,-583.49,2.36,1.14,1.39,-132.92,-583.49,0.00,0.06,0.06 
1747830561.21,0,-102.22,-581.65,5.76,8.50,0.25,-102.22,-581.65,0.00,-3.27,4.36 
1747830561.21,1,-132.90,-583.49,2.03,1.26,1.37,-132.90,-583.49,0.00,0.06,0.06 
1747830561.31,0,-102.49,-581.25,2.55,9.35,0.66,-102.49,-581.25,0.00,-3.23,4.34 
1747830561.31,1,-132.89,-583.48,2.12,0.80,1.21,-132.89,-583.48,0.00,0.06,0.06 
1747830561.41,0,-102.76,-580.85,2.54,8.32,0.66,-102.76,-580.85,0.00,-3.21,4.33 
1747830561.41,1,-132.88,-583.48,2.16,0.86,1.21,-132.88,-583.48,0.00,0.06,0.06 
1747830561.51,0,-103.03,-580.44,2.49,8.41,0.78,-103.03,-580.44,0.00,-3.18,4.31 
1747830561.51,1,-132.88,-583.48,2.20,0.75,1.18,-132.88,-583.48,0.00,0.06,0.05 
1747830561.61,0,-103.32,-580.03,2.36,8.89,0.74,-103.32,-580.03,0.00,-3.17,4.30 
1747830561.61,1,-132.86,-583.50,2.27,1.18,1.17,-132.86,-583.50,0.00,0.07,0.04 
1747830561.91,0,-103.83,-579.31,2.58,9.78,0.86,-103.83,-579.31,0.00,-2.95,4.02 
1747830561.91,1,-132.86,-583.44,2.55,1.08,1.29,-132.86,-583.44,0.00,0.06,0.06 
1747830562.11,0,-104.03,-579.06,2.84,10.81,0.80,-104.03,-579.06,0.00,-2.76,3.75 
1747830562.11,1,-132.84,-583.42,1.86,0.61,1.26,-132.84,-583.42,0.00,0.06,0.07 
1747830562.31,0,-104.21,-578.85,3.14,12.01,0.79,-104.21,-578.85,0.00,-2.58,3.48 
1747830562.31,1,-132.83,-583.40,1.49,0.43,1.37,-132.83,-583.40,0.00,0.06,0.07 
1747830562.41,0,-104.13,-578.99,3.48,13.42,0.78,-104.13,-578.99,0.00,-2.41,3.25 
1747830562.41,1,-132.80,-583.41,1.55,0.52,1.37,-132.80,-583.41,0.00,0.07,0.06 
1747830562.51,0,-104.54,-578.36,2.95,14.40,0.65,-104.54,-578.36,0.00,-2.50,3.40 
1747830562.51,1,-132.81,-583.41,1.61,0.67,1.21,-132.81,-583.41,0.00,0.06,0.06 
1747830562.71,0,-105.18,-577.43,2.60,12.84,0.60,-105.18,-577.43,0.00,-2.56,3.52 
1747830562.71,1,-132.80,-583.41,1.76,0.68,1.22,-132.80,-583.41,0.00,0.07,0.05 
1747830562.91,0,-105.87,-576.41,2.57,13.80,0.63,-105.87,-576.41,0.00,-2.65,3.67 
1747830562.91,1,-132.80,-583.37,1.81,1.18,1.22,-132.80,-583.37,0.00,0.06,0.07 
1747830563.01,0,-106.27,-575.81,2.76,12.20,0.68,-106.27,-575.81,0.00,-2.71,3.78 
1747830563.01,1,-132.78,-583.37,1.99,1.03,1.52,-132.78,-583.37,0.00,0.06,0.07 
1747830563.21,0,-106.90,-574.85,3.21,10.58,0.64,-106.90,-574.85,0.00,-2.75,3.88 
1747830563.21,1,-132.75,-583.35,0.92,2.02,0.12,-132.75,-583.35,0.00,0.07,0.07 
1747830563.61,0,-108.10,-573.10,2.91,10.90,0.65,-108.10,-573.10,0.00,-2.80,3.97 
1747830563.61,1,-132.71,-583.29,0.35,1.67,0.04,-132.71,-583.29,0.00,0.08,0.08 
1747830563.71,0,-108.43,-572.59,2.68,10.26,0.67,-108.43,-572.59,0.00,-2.83,4.03 
1747830563.71,1,-132.70,-583.26,0.39,1.55,0.07,-132.70,-583.26,0.00,0.08,0.09 
1747830563.81,0,-108.82,-571.98,2.57,9.81,0.65,-108.82,-571.98,0.00,-2.87,4.12 
1747830563.81,1,-132.69,-583.24,1.48,0.28,1.54,-132.69,-583.24,0.00,0.08,0.10 
1747830563.91,0,-109.19,-571.40,2.61,9.79,0.62,-109.19,-571.40,0.00,-2.92,4.20 
1747830563.91,1,-132.71,-583.18,1.45,0.46,0.05,-132.71,-583.18,0.00,0.07,0.12 
1747830564.01,0,-109.51,-570.89,2.75,9.73,0.66,-109.51,-570.89,0.00,-2.93,4.25 
1747830564.01,1,-132.71,-583.16,1.41,0.68,0.09,-132.71,-583.16,0.00,0.07,0.13 
1747830564.11,0,-109.81,-570.42,2.65,9.01,0.64,-109.81,-570.42,0.00,-2.93,4.27 
1747830564.11,1,-132.72,-583.11,1.42,0.93,0.09,-132.72,-583.11,0.00,0.05,0.15 
1747830564.21,0,-110.11,-569.96,2.48,7.62,0.65,-110.11,-569.96,0.00,-2.93,4.28 
1747830564.21,1,-132.72,-583.09,1.15,2.10,0.09,-132.72,-583.09,0.00,0.05,0.14 
1747830564.41,0,-110.70,-569.06,2.63,8.58,0.63,-110.70,-569.06,0.00,-2.94,4.31 
1747830564.41,1,-132.72,-583.06,1.14,2.00,0.09,-132.72,-583.06,0.00,0.05,0.14 
1747830564.81,0,-111.88,-567.29,2.37,8.08,0.63,-111.88,-567.29,0.00,-2.94,4.33 
1747830564.81,1,-132.72,-582.99,0.76,2.08,0.38,-132.72,-582.99,0.00,0.04,0.15 
1747830565.11,0,-112.77,-565.96,2.06,7.57,0.60,-112.77,-565.96,0.00,-2.94,4.34 
1747830565.11,1,-132.69,-582.97,0.61,2.22,0.49,-132.69,-582.97,0.00,0.05,0.14 
1747830565.31,0,-113.43,-564.95,1.95,8.59,0.60,-113.43,-564.95,0.00,-2.98,4.41 
1747830565.31,1,-132.70,-582.94,0.80,2.18,0.16,-132.70,-582.94,0.00,0.04,0.14 
1747830565.61,0,-114.30,-563.61,2.25,7.00,0.62,-114.30,-563.61,0.00,-2.96,4.42 
1747830565.61,1,-132.69,-582.93,1.11,2.56,0.16,-132.69,-582.93,0.00,0.04,0.13 
1747830565.91,0,-115.17,-562.29,2.19,6.48,0.60,-115.17,-562.29,0.00,-2.96,4.42 
1747830565.91,1,-132.69,-582.84,0.74,2.46,0.65,-132.69,-582.84,0.00,0.03,0.15 
1747830566.01,0,-115.40,-561.93,2.05,8.43,0.62,-115.40,-561.93,0.00,-2.93,4.38 
1747830566.01,1,-132.66,-582.84,0.71,2.28,0.60,-132.66,-582.84,0.00,0.04,0.14 
1747830566.21,0,-115.98,-561.08,2.11,8.24,0.64,-115.98,-561.08,0.00,-2.93,4.37 
1747830566.21,1,-132.64,-582.80,0.78,2.33,0.52,-132.64,-582.80,0.00,0.05,0.15 
1747830566.51,0,-116.79,-559.84,2.18,9.64,0.57,-116.79,-559.84,0.00,-2.89,4.33 
1747830566.51,1,-132.66,-582.70,0.63,2.73,0.51,-132.66,-582.70,0.00,0.03,0.17 
1747830566.71,0,-117.27,-559.08,2.18,9.64,0.58,-117.27,-559.08,0.00,-2.85,4.28 
1747830566.71,1,-132.65,-582.66,0.61,1.94,0.66,-132.65,-582.66,0.00,0.04,0.18 
1747830566.81,0,-117.57,-558.62,2.15,8.13,0.57,-117.57,-558.62,0.00,-2.85,4.30 
1747830566.81,1,-132.63,-582.64,0.59,1.90,0.63,-132.63,-582.64,0.00,0.04,0.18 
1747830566.91,0,-117.83,-558.21,2.20,8.19,0.59,-117.83,-558.21,0.00,-2.84,4.29 
1747830566.91,1,-132.64,-582.60,0.54,2.18,0.68,-132.64,-582.60,0.00,0.04,0.19 
1747830567.11,0,-118.38,-557.35,2.27,8.33,0.52,-118.38,-557.35,0.00,-2.83,4.29 
1747830567.11,1,-132.64,-582.54,0.53,2.05,0.79,-132.64,-582.54,0.00,0.03,0.20 
1747830567.31,0,-118.89,-556.52,2.40,9.49,0.53,-118.89,-556.52,0.00,-2.81,4.27 
1747830567.31,1,-132.63,-582.52,0.64,2.26,0.76,-132.63,-582.52,0.00,0.04,0.19 
1747830567.41,0,-119.11,-556.14,2.52,10.74,0.52,-119.11,-556.14,0.00,-2.78,4.25 
1747830567.41,1,-132.62,-582.51,0.67,2.22,0.85,-132.62,-582.51,0.00,0.04,0.18 
1747830567.61,0,-119.57,-555.38,2.50,9.65,0.52,-119.57,-555.38,0.00,-2.73,4.21 
1747830567.61,1,-132.62,-582.49,0.85,1.78,1.08,-132.62,-582.49,0.00,0.04,0.18 
1747830567.71,0,-119.84,-554.91,2.53,8.30,0.53,-119.84,-554.91,0.00,-2.73,4.23 
1747830567.71,1,-132.64,-582.45,0.68,2.32,1.19,-132.64,-582.45,0.00,0.02,0.19 
1747830567.91,0,-120.40,-553.98,2.63,7.98,0.55,-120.40,-553.98,0.00,-2.73,4.27 
1747830567.91,1,-132.66,-582.40,0.59,2.26,1.24,-132.66,-582.40,0.00,0.01,0.20 
1747830568.11,0,-120.91,-553.11,2.63,7.69,0.52,-120.91,-553.11,0.00,-2.72,4.28 
1747830568.11,1,-132.66,-582.35,0.35,1.70,1.09,-132.66,-582.35,0.00,0.01,0.20 
1747830568.21,0,-121.12,-552.72,2.71,9.63,0.53,-121.12,-552.72,0.00,-2.69,4.26 
1747830568.21,1,-132.65,-582.36,0.43,1.76,1.22,-132.65,-582.36,0.00,0.01,0.19 
1747830568.31,0,-121.37,-552.26,2.65,8.69,0.52,-121.37,-552.26,0.00,-2.68,4.28 
1747830568.31,1,-132.66,-582.34,0.54,1.99,1.23,-132.66,-582.34,0.00,0.01,0.19 
1747830568.51,0,-121.89,-551.38,2.57,8.20,0.49,-121.89,-551.38,0.00,-2.67,4.29 
1747830568.51,1,-132.67,-582.31,0.61,1.91,1.25,-132.67,-582.31,0.00,0.00,0.18 
1747830568.61,0,-122.11,-550.97,2.74,9.51,0.44,-122.11,-550.97,0.00,-2.65,4.28 
1747830568.61,1,-132.67,-582.31,0.92,1.84,1.29,-132.67,-582.31,0.00,0.00,0.17 
1747830568.71,0,-122.35,-550.54,2.67,8.58,0.44,-122.35,-550.54,0.00,-2.64,4.28 
1747830568.71,1,-132.68,-582.30,0.61,1.79,1.23,-132.68,-582.30,0.00,-0.00,0.17 
1747830568.91,0,-122.87,-549.62,2.66,9.14,0.48,-122.87,-549.62,0.00,-2.63,4.31 
1747830568.91,1,-132.69,-582.24,0.80,2.01,1.41,-132.69,-582.24,0.00,-0.01,0.18 
1747830569.21,0,-123.62,-548.27,2.94,7.97,0.49,-123.62,-548.27,0.00,-2.61,4.34 
1747830569.21,1,-132.66,-582.22,1.14,2.33,1.41,-132.66,-582.22,0.00,0.01,0.16 
1747830569.51,0,-124.39,-546.87,2.63,8.14,0.62,-124.39,-546.87,0.00,-2.61,4.38 
1747830569.51,1,-132.65,-582.17,0.50,1.70,1.52,-132.65,-582.17,0.00,0.01,0.16 
1747830569.61,0,-124.58,-546.43,3.20,7.92,0.39,-124.58,-546.43,0.00,-2.57,4.39 
1747830569.61,1,-132.62,-582.19,0.60,1.76,1.52,-132.62,-582.19,0.00,0.02,0.15 
1747830569.71,0,-124.79,-545.96,3.12,8.94,0.39,-124.79,-545.96,0.00,-2.55,4.40 
1747830569.71,1,-132.63,-582.18,0.52,1.78,1.49,-132.63,-582.18,0.00,0.02,0.15 
1747830569.81,0,-124.99,-545.49,3.22,7.25,0.35,-124.99,-545.49,0.00,-2.52,4.41 
1747830569.81,1,-132.63,-582.19,0.62,1.85,1.49,-132.63,-582.19,0.00,0.02,0.14 
1747830569.91,0,-125.18,-545.03,3.38,7.52,0.34,-125.18,-545.03,0.00,-2.49,4.42 
1747830569.91,1,-132.73,-582.15,0.63,2.34,1.38,-132.73,-582.15,0.00,-0.03,0.15 
1747830570.01,0,-125.37,-544.57,3.28,7.83,0.34,-125.37,-544.57,0.00,-2.47,4.43 
1747830570.01,1,-132.77,-582.15,0.71,2.57,1.43,-132.77,-582.15,0.00,-0.05,0.14 
1747830570.11,0,-125.55,-544.12,3.40,7.92,0.34,-125.55,-544.12,0.00,-2.43,4.44 
1747830570.11,1,-132.85,-582.13,0.65,4.54,1.38,-132.85,-582.13,0.00,-0.09,0.14 
1747830570.31,0,-125.97,-543.20,3.53,8.53,0.34,-125.97,-543.20,0.00,-2.40,4.45 
1747830570.31,1,-132.93,-582.10,0.77,3.90,1.28,-132.93,-582.10,0.00,-0.12,0.14 
1747830570.51,0,-126.34,-542.32,3.77,9.02,0.37,-126.34,-542.32,0.00,-2.35,4.45 
1747830570.51,1,-133.03,-582.06,0.36,3.39,1.43,-133.03,-582.06,0.00,-0.15,0.15 
1747830570.61,0,-126.49,-541.87,3.54,8.97,0.32,-126.49,-541.87,0.00,-2.31,4.45 
1747830570.61,1,-133.08,-582.05,0.72,2.54,1.45,-133.08,-582.05,0.00,-0.17,0.15 
1747830570.91,0,-127.05,-540.58,3.80,6.70,0.30,-127.05,-540.58,0.00,-2.24,4.43 
1747830570.91,1,-133.10,-582.04,0.82,1.67,1.39,-133.10,-582.04,0.00,-0.16,0.13 
1747830571.01,0,-127.19,-540.08,3.79,9.04,0.30,-127.19,-540.08,0.00,-2.20,4.46 
1747830571.01,1,-133.09,-582.05,0.73,1.63,1.47,-133.09,-582.05,0.00,-0.15,0.12 
1747830571.11,0,-127.36,-539.48,3.74,8.98,0.30,-127.36,-539.48,0.00,-2.18,4.53 
1747830571.11,1,-133.11,-582.04,0.76,1.68,1.47,-133.11,-582.04,0.00,-0.15,0.12 
1747830571.41,0,-127.91,-538.06,3.93,9.24,0.27,-127.91,-538.06,0.00,-2.13,4.56 
1747830571.41,1,-133.15,-582.01,0.85,1.82,1.47,-133.15,-582.01,0.00,-0.15,0.12 
1747830571.51,0,-128.03,-537.54,3.85,8.60,0.27,-128.03,-537.54,0.00,-2.08,4.59 
1747830571.51,1,-133.17,-581.99,0.88,1.86,1.47,-133.17,-581.99,0.00,-0.15,0.12 
1747830571.61,0,-128.18,-536.93,4.05,9.18,0.34,-128.18,-536.93,0.00,-2.06,4.66 
1747830571.61,1,-133.18,-581.98,0.91,1.91,1.47,-133.18,-581.98,0.00,-0.15,0.12 
1747830571.71,0,-128.32,-536.38,3.71,8.19,0.26,-128.32,-536.38,0.00,-2.02,4.71 
1747830571.81,0,-128.45,-535.87,3.73,8.59,0.28,-128.45,-535.87,0.00,-1.99,4.72 
1747830572.21,0,-129.10,-533.99,4.02,9.40,0.27,-129.10,-533.99,0.00,-1.92,4.72 
1747830572.61,0,-129.71,-532.05,4.32,8.13,0.40,-129.71,-532.05,0.00,-1.84,4.74 
1747830572.61,2,-214.90,-484.73,2.35,0.34,0.86,-214.90,-484.73,0.00,-0.13,-0.13 
1747830572.71,0,-129.74,-531.58,4.22,9.31,0.28,-129.74,-531.58,0.00,-1.77,4.74 
1747830572.71,2,-214.84,-484.67,2.67,0.37,0.86,-214.84,-484.67,0.00,-0.09,-0.09 
1747830572.81,0,-129.36,-532.22,4.57,10.07,0.06,-129.36,-532.22,0.00,-1.50,4.20 
1747830572.81,2,-214.83,-484.66,2.87,0.51,0.86,-214.83,-484.66,0.00,-0.08,-0.08 
1747830572.91,0,-129.07,-532.60,4.98,10.97,0.05,-129.07,-532.60,0.00,-1.28,3.80 
1747830572.91,2,-214.79,-484.53,3.04,0.62,0.89,-214.79,-484.53,0.00,-0.06,-0.01 
1747830573.01,0,-128.82,-532.90,5.46,12.04,0.06,-128.82,-532.90,0.00,-1.09,3.46 
1747830573.01,2,-214.77,-484.55,2.59,1.24,0.86,-214.77,-484.55,0.00,-0.05,-0.03 
1747830573.11,0,-128.61,-533.12,6.01,13.32,0.06,-128.61,-533.12,0.00,-0.93,3.18 
1747830573.11,2,-214.77,-484.54,3.02,0.87,0.86,-214.77,-484.54,0.00,-0.04,-0.02 
1747830573.21,0,-128.42,-533.30,6.65,14.85,0.06,-128.42,-533.30,0.00,-0.79,2.92 
1747830573.21,2,-214.79,-484.62,3.72,0.99,0.92,-214.79,-484.62,0.00,-0.05,-0.06 
1747830573.31,0,-128.27,-533.39,7.39,16.66,0.06,-128.27,-533.39,0.00,-0.67,2.72 
1747830573.31,2,-214.81,-484.64,3.02,0.48,0.92,-214.81,-484.64,0.00,-0.06,-0.07 
1747830573.41,0,-128.56,-532.45,2.68,22.64,0.29,-128.56,-532.45,0.00,-0.79,3.07 
1747830573.41,2,-214.84,-484.71,3.42,0.58,0.94,-214.84,-484.71,0.00,-0.07,-0.10 
1747830573.51,0,-128.85,-531.53,2.87,21.55,0.26,-128.85,-531.53,0.00,-0.89,3.39 
1747830573.51,2,-214.88,-484.73,2.82,0.76,1.06,-214.88,-484.73,0.00,-0.09,-0.10 
1747830573.61,0,-129.12,-530.62,2.85,21.01,0.25,-129.12,-530.62,0.00,-0.99,3.68 
1747830573.61,2,-214.91,-484.76,2.62,0.67,1.06,-214.91,-484.76,0.00,-0.10,-0.11 
1747830573.71,0,-129.39,-529.75,2.88,20.09,0.25,-129.39,-529.75,0.00,-1.08,3.94 
1747830573.71,2,-214.93,-484.78,2.48,0.59,1.12,-214.93,-484.78,0.00,-0.11,-0.12 
1747830573.81,0,-129.64,-528.93,2.79,18.32,0.24,-129.64,-528.93,0.00,-1.15,4.16 
1747830573.81,2,-214.96,-484.82,3.04,0.63,1.06,-214.96,-484.82,0.00,-0.11,-0.13 
1747830573.91,0,-129.89,-528.12,2.64,17.25,0.26,-129.89,-528.12,0.00,-1.22,4.37 
1747830573.91,2,-215.00,-484.83,2.69,1.37,1.06,-215.00,-484.83,0.00,-0.13,-0.13 
1747830574.11,0,-130.24,-526.89,2.26,16.87,0.29,-130.24,-526.89,0.00,-1.27,4.55 
1747830574.11,2,-215.04,-484.85,2.52,0.82,1.06,-215.04,-484.85,0.00,-0.13,-0.13 
1747830574.21,0,-130.46,-526.15,2.32,15.40,0.28,-130.46,-526.15,0.00,-1.32,4.69 
1747830574.21,2,-215.05,-484.88,2.72,0.98,1.10,-215.05,-484.88,0.00,-0.13,-0.14 
1747830574.31,0,-130.67,-525.41,2.32,14.88,0.27,-130.67,-525.41,0.00,-1.36,4.83 
1747830574.31,2,-215.06,-484.89,2.53,0.85,1.08,-215.06,-484.89,0.00,-0.13,-0.13 
1747830574.71,0,-131.32,-523.12,2.69,14.29,0.38,-131.32,-523.12,0.00,-1.41,5.00 
1747830574.71,2,-215.05,-484.84,4.59,0.20,1.00,-215.05,-484.84,0.00,-0.10,-0.08 
1747830574.91,0,-131.69,-521.69,2.14,13.76,0.21,-131.69,-521.69,0.00,-1.45,5.21 
1747830574.91,2,-214.97,-484.70,4.72,0.25,1.01,-214.97,-484.70,0.00,-0.06,-0.01 
1747830575.11,0,-132.03,-520.38,2.23,12.81,0.21,-132.03,-520.38,0.00,-1.48,5.34 
1747830575.11,2,-214.96,-484.68,4.36,0.38,0.77,-214.96,-484.68,0.00,-0.04,0.00 
1747830575.21,0,-132.18,-520.59,2.58,13.30,0.33,-132.18,-520.59,0.00,-1.48,4.98 
1747830575.21,2,-214.95,-484.68,3.08,0.87,0.77,-214.95,-484.68,0.00,-0.04,0.00 
1747830575.41,0,-132.46,-520.32,2.96,13.89,0.33,-132.46,-520.32,0.00,-1.47,4.62 
1747830575.41,2,-214.96,-484.73,3.25,1.36,0.76,-214.96,-484.73,0.00,-0.04,-0.02 
1747830575.61,0,-132.72,-520.12,3.40,14.61,0.33,-132.72,-520.12,0.00,-1.45,4.27 
1747830575.61,2,-214.97,-484.78,3.12,1.27,0.75,-214.97,-484.78,0.00,-0.04,-0.05 
1747830575.81,0,-133.02,-518.65,3.81,17.79,0.18,-133.02,-518.65,0.00,-1.46,4.57 
1747830575.91,0,-132.70,-518.59,4.67,18.42,0.09,-132.70,-518.59,0.00,-1.23,4.37 
1747830575.91,2,-214.88,-484.65,4.99,0.28,1.13,-214.88,-484.65,0.00,0.01,0.02 
1747830576.01,0,-132.45,-518.54,5.67,19.26,0.11,-132.45,-518.54,0.00,-1.05,4.19 
1747830576.01,2,-214.84,-484.63,5.01,0.36,1.15,-214.84,-484.63,0.00,0.03,0.03 
1747830576.41,0,-132.97,-516.12,2.82,18.27,0.20,-132.97,-516.12,0.00,-1.10,4.53 
1747830576.51,0,-133.14,-515.09,2.80,17.60,0.20,-133.14,-515.09,0.00,-1.13,4.80 
1747830576.51,2,-214.69,-484.39,5.10,0.20,1.17,-214.69,-484.39,0.00,0.09,0.14 
1747830576.71,0,-133.44,-513.55,2.58,15.74,0.18,-133.44,-513.55,0.00,-1.16,5.08 
1747830576.71,2,-214.65,-484.31,3.22,0.16,1.16,-214.65,-484.31,0.00,0.10,0.16 
1747830576.81,0,-133.59,-512.66,2.78,14.05,0.16,-133.59,-512.66,0.00,-1.18,5.26 
1747830576.81,2,-214.63,-484.31,3.10,0.23,1.15,-214.63,-484.31,0.00,0.10,0.15 
1747830577.01,0,-133.83,-511.32,2.85,13.49,0.14,-133.83,-511.32,0.00,-1.18,5.41 
1747830577.01,2,-214.62,-484.32,2.87,0.40,1.15,-214.62,-484.32,0.00,0.10,0.13 
1747830577.11,0,-133.93,-510.52,9.00,8.46,0.87,-133.93,-510.52,0.00,-1.17,5.53 
1747830577.11,2,-214.62,-484.31,2.88,0.48,1.15,-214.62,-484.31,0.00,0.10,0.13 
1747830577.31,0,-134.18,-509.14,11.12,6.00,1.21,-134.18,-509.14,0.00,-1.18,5.67 
1747830577.31,2,-214.62,-484.31,3.08,0.53,1.08,-214.62,-484.31,0.00,0.08,0.12 
1747830577.41,0,-134.28,-508.41,10.89,4.87,1.25,-134.28,-508.41,0.00,-1.17,5.75 
1747830577.41,2,-214.63,-484.36,3.61,0.60,1.08,-214.63,-484.36,0.00,0.07,0.09 
1747830577.71,0,-134.61,-506.53,2.63,10.00,0.14,-134.61,-506.53,0.00,-1.16,5.82 
1747830577.71,2,-214.65,-484.40,3.49,0.62,1.11,-214.65,-484.40,0.00,0.06,0.06 
1747830577.91,0,-134.80,-505.26,2.89,10.49,0.18,-134.80,-505.26,0.00,-1.14,5.87 
1747830577.91,2,-214.67,-484.43,3.07,0.53,1.17,-214.67,-484.43,0.00,0.04,0.04 
1747830578.11,0,-134.96,-504.03,3.26,8.44,0.20,-134.96,-504.03,0.00,-1.11,5.90 
1747830578.11,2,-214.64,-484.38,3.42,0.36,1.37,-214.64,-484.38,0.00,0.05,0.06 
1747830578.41,0,-135.23,-502.19,2.92,8.34,0.19,-135.23,-502.19,0.00,-1.08,5.93 
1747830578.41,2,-214.61,-484.38,2.59,0.49,1.29,-214.61,-484.38,0.00,0.06,0.05 
1747830578.61,0,-135.35,-500.93,2.76,7.58,0.10,-135.35,-500.93,0.00,-1.03,5.97 
1747830578.61,2,-214.60,-484.37,2.59,0.45,1.39,-214.60,-484.37,0.00,0.06,0.05 
1747830578.71,0,-135.36,-500.32,2.92,7.09,0.08,-135.36,-500.32,0.00,-0.99,5.97 
1747830578.71,2,-214.59,-484.31,3.30,0.54,1.39,-214.59,-484.31,0.00,0.06,0.07 
1747830578.81,0,-135.38,-499.77,2.88,8.62,0.08,-135.38,-499.77,0.00,-0.95,5.95 
1747830578.81,2,-214.58,-484.25,3.80,0.61,1.43,-214.58,-484.25,0.00,0.06,0.10 
1747830578.91,0,-135.40,-499.29,2.81,10.04,0.08,-135.40,-499.29,0.00,-0.91,5.89 
1747830578.91,2,-214.57,-484.20,3.59,0.78,1.39,-214.57,-484.20,0.00,0.06,0.12 
1747830579.01,0,-135.45,-498.79,2.58,8.91,0.18,-135.45,-498.79,0.00,-0.89,5.85 
1747830579.01,2,-214.57,-484.22,3.49,0.66,1.39,-214.57,-484.22,0.00,0.06,0.11 
1747830579.11,0,-135.50,-498.27,2.77,9.86,0.16,-135.50,-498.27,0.00,-0.87,5.82 
1747830579.11,2,-214.57,-484.18,3.51,0.85,1.42,-214.57,-484.18,0.00,0.06,0.12 
1747830579.21,0,-135.55,-497.75,2.64,9.23,0.15,-135.55,-497.75,0.00,-0.86,5.79 
1747830579.21,2,-214.57,-484.19,3.54,0.75,1.42,-214.57,-484.19,0.00,0.05,0.11 
1747830579.51,0,-135.75,-496.08,2.82,9.14,0.12,-135.75,-496.08,0.00,-0.83,5.76 
1747830579.51,2,-214.56,-484.15,2.23,0.65,1.52,-214.56,-484.15,0.00,0.05,0.11 
1747830579.71,0,-135.85,-495.05,3.24,10.28,0.11,-135.85,-495.05,0.00,-0.80,5.70 
1747830579.71,2,-214.56,-484.17,3.18,0.69,1.10,-214.56,-484.17,0.00,0.05,0.09 
1747830580.01,0,-136.02,-493.50,2.94,11.12,0.14,-136.02,-493.50,0.00,-0.76,5.62 
1747830580.01,2,-214.54,-484.19,3.83,0.85,1.20,-214.54,-484.19,0.00,0.05,0.07 
1747830580.11,0,-136.04,-492.98,2.89,9.14,0.14,-136.04,-492.98,0.00,-0.74,5.60 
1747830580.11,2,-214.54,-484.16,3.51,0.92,1.27,-214.54,-484.16,0.00,0.05,0.08 
1747830580.31,0,-136.15,-491.90,2.68,7.31,0.13,-136.15,-491.90,0.00,-0.72,5.58 
1747830580.31,2,-214.53,-484.13,3.13,0.93,1.24,-214.53,-484.13,0.00,0.05,0.08 
1747830580.81,0,-136.44,-489.32,2.60,11.36,0.11,-136.44,-489.32,0.00,-0.69,5.49 
1747830580.81,2,-214.53,-484.13,1.20,4.41,0.09,-214.53,-484.13,0.00,0.04,0.07 
1747830580.91,0,-136.67,-488.70,7.25,5.84,0.12,-136.67,-488.70,0.00,-0.76,5.52 
1747830580.91,2,-214.54,-484.07,1.13,4.70,0.09,-214.54,-484.07,0.00,0.03,0.09 
1747830581.41,0,-136.87,-485.80,3.30,6.00,0.07,-136.87,-485.80,0.00,-0.68,5.59 
1747830581.41,2,-214.50,-484.00,3.30,0.71,1.15,-214.50,-484.00,0.00,0.04,0.10 
1747830581.51,0,-136.83,-485.21,3.05,5.55,0.07,-136.83,-485.21,0.00,-0.63,5.60 
1747830581.51,2,-214.49,-483.97,3.28,1.01,1.27,-214.49,-483.97,0.00,0.05,0.11 
1747830581.71,0,-136.83,-484.26,3.18,8.65,0.30,-136.83,-484.26,0.00,-0.57,5.52 
1747830581.71,2,-214.48,-484.03,4.36,1.13,1.33,-214.48,-484.03,0.00,0.04,0.07 
1747830581.91,0,-136.84,-483.35,3.15,10.84,0.21,-136.84,-483.35,0.00,-0.52,5.42 
1747830581.91,2,-214.48,-484.03,3.73,1.01,1.33,-214.48,-484.03,0.00,0.04,0.06 
1747830582.01,0,-136.83,-482.96,2.88,11.28,0.19,-136.83,-482.96,0.00,-0.49,5.34 
1747830582.01,2,-214.47,-484.08,0.68,4.27,0.11,-214.47,-484.08,0.00,0.04,0.04 
1747830582.11,0,-136.84,-482.50,2.90,9.16,0.18,-136.84,-482.50,0.00,-0.47,5.31 
1747830582.11,2,-214.47,-484.07,0.72,3.64,0.15,-214.47,-484.07,0.00,0.04,0.04 
1747830582.21,0,-136.85,-482.12,2.62,10.91,0.18,-136.85,-482.12,0.00,-0.45,5.23 
1747830582.21,2,-214.47,-484.10,1.05,4.14,0.22,-214.47,-484.10,0.00,0.04,0.02 
1747830582.61,0,-137.00,-480.08,2.44,8.68,0.05,-137.00,-480.08,0.00,-0.43,5.21 
1747830582.61,2,-214.46,-484.14,1.07,4.54,0.22,-214.46,-484.14,0.00,0.04,0.00 
1747830582.71,0,-137.00,-479.43,2.76,6.87,0.18,-137.00,-479.43,0.00,-0.41,5.27 
1747830582.71,2,-214.46,-484.15,0.92,3.82,0.21,-214.46,-484.15,0.00,0.04,-0.01 
1747830582.81,0,-137.01,-478.86,2.48,7.17,0.15,-137.01,-478.86,0.00,-0.39,5.29 
1747830582.81,2,-214.45,-484.19,1.03,4.37,0.21,-214.45,-484.19,0.00,0.04,-0.03 
1747830583.21,0,-137.17,-476.95,3.16,7.32,0.82,-137.17,-476.95,0.00,-0.40,5.19 
1747830583.21,2,-214.43,-484.19,0.79,3.32,0.36,-214.43,-484.19,0.00,0.04,-0.02 
1747830583.41,0,-137.25,-475.96,8.12,4.41,1.21,-137.25,-475.96,0.00,-0.40,5.16 
1747830583.41,2,-214.38,-484.32,0.53,3.82,0.14,-214.38,-484.32,0.00,0.06,-0.08 
1747830583.51,0,-137.33,-475.55,9.19,5.22,1.11,-137.33,-475.55,0.00,-0.42,5.11 
1747830583.51,2,-214.35,-484.40,0.48,3.28,0.14,-214.35,-484.40,0.00,0.07,-0.12 
1747830583.61,0,-137.36,-475.12,10.69,5.97,1.15,-137.36,-475.12,0.00,-0.41,5.07 
1747830583.61,2,-214.32,-484.45,0.55,3.18,0.14,-214.32,-484.45,0.00,0.09,-0.14 
1747830583.71,0,-137.42,-474.67,11.07,4.60,1.20,-137.42,-474.67,0.00,-0.42,5.04 
1747830583.71,2,-214.29,-484.46,0.53,2.68,0.11,-214.29,-484.46,0.00,0.09,-0.14 
1747830583.81,0,-137.46,-474.27,12.63,5.31,1.22,-137.46,-474.27,0.00,-0.42,4.99 
1747830583.81,2,-214.27,-484.51,0.48,3.23,0.11,-214.27,-484.51,0.00,0.10,-0.15 
1747830584.01,0,-137.50,-473.17,2.80,9.26,0.11,-137.50,-473.17,0.00,-0.40,5.04 
1747830584.01,2,-214.24,-484.49,0.54,3.17,0.12,-214.24,-484.49,0.00,0.11,-0.13 
1747830584.11,0,-137.51,-472.64,2.50,7.46,0.11,-137.51,-472.64,0.00,-0.38,5.05 
1747830584.11,2,-214.22,-484.49,0.29,3.15,0.03,-214.22,-484.49,0.00,0.11,-0.12 
1747830584.21,0,-137.54,-472.13,5.55,5.25,1.01,-137.54,-472.13,0.00,-0.38,5.06 
1747830584.21,2,-214.21,-484.48,0.38,3.18,0.30,-214.21,-484.48,0.00,0.11,-0.11 
1747830584.31,0,-137.58,-471.65,6.09,5.38,1.11,-137.58,-471.65,0.00,-0.38,5.05 
1747830584.31,2,-214.22,-484.44,0.49,3.28,0.13,-214.22,-484.44,0.00,0.10,-0.09 
1747830584.41,0,-137.60,-471.12,7.43,4.88,1.20,-137.60,-471.12,0.00,-0.37,5.06 
1747830584.41,2,-214.21,-484.44,0.87,3.24,0.29,-214.21,-484.44,0.00,0.10,-0.08 
1747830584.61,0,-137.69,-470.04,9.91,5.04,1.43,-137.69,-470.04,0.00,-0.38,5.09 
1747830584.61,2,-214.20,-484.45,0.91,3.15,0.26,-214.20,-484.45,0.00,0.10,-0.08 
1747830584.71,0,-137.69,-469.50,10.72,4.71,1.27,-137.69,-469.50,0.00,-0.36,5.11 
1747830584.71,2,-214.20,-484.41,0.76,3.97,0.27,-214.20,-484.41,0.00,0.09,-0.06 
1747830584.91,0,-137.73,-468.40,3.02,11.06,0.02,-137.73,-468.40,0.00,-0.34,5.15 
1747830584.91,2,-214.18,-484.37,0.75,4.94,0.27,-214.18,-484.37,0.00,0.09,-0.03 
1747830585.01,0,-137.74,-467.80,2.97,9.49,0.23,-137.74,-467.80,0.00,-0.33,5.19 
1747830585.01,2,-214.18,-484.34,0.71,4.84,0.27,-214.18,-484.34,0.00,0.09,-0.01 
1747830585.11,0,-137.74,-467.16,2.80,10.78,0.15,-137.74,-467.16,0.00,-0.32,5.25 
1747830585.11,2,-214.19,-484.29,1.17,5.14,0.15,-214.19,-484.29,0.00,0.08,0.01 
1747830585.21,0,-137.75,-466.57,6.67,5.77,0.86,-137.75,-466.57,0.00,-0.30,5.28 
1747830585.21,2,-214.20,-484.28,1.17,4.60,0.19,-214.20,-484.28,0.00,0.07,0.02 
1747830585.51,0,-137.82,-465.07,6.27,5.75,0.98,-137.82,-465.07,0.00,-0.29,5.24 
1747830585.51,2,-214.18,-484.28,0.79,3.45,0.30,-214.18,-484.28,0.00,0.07,0.02 
1747830585.71,0,-137.85,-464.12,8.25,5.52,1.17,-137.85,-464.12,0.00,-0.28,5.19 
1747830585.71,2,-214.16,-484.29,0.62,3.29,0.19,-214.16,-484.29,0.00,0.07,0.01 
1747830585.81,0,-137.84,-463.57,2.20,5.79,0.10,-137.84,-463.57,0.00,-0.26,5.21 
1747830585.81,2,-214.14,-484.31,0.50,3.61,0.30,-214.14,-484.31,0.00,0.08,-0.00 
1747830585.91,0,-137.84,-462.99,2.21,7.56,0.17,-137.84,-462.99,0.00,-0.25,5.24 
1747830585.91,2,-214.12,-484.27,0.70,3.91,0.30,-214.12,-484.27,0.00,0.08,0.02 
1747830586.11,0,-137.90,-461.87,2.19,8.10,0.31,-137.90,-461.87,0.00,-0.25,5.27 
1747830586.11,2,-214.10,-484.22,0.69,3.84,0.30,-214.10,-484.22,0.00,0.08,0.04 
1747830586.21,0,-137.92,-461.31,2.12,6.92,0.01,-137.92,-461.31,0.00,-0.25,5.29 
1747830586.21,2,-214.09,-484.22,0.36,2.75,0.26,-214.09,-484.22,0.00,0.09,0.04 
1747830586.41,0,-137.97,-460.28,2.38,7.89,0.01,-137.97,-460.28,0.00,-0.25,5.28 
1747830586.41,2,-214.06,-484.23,0.34,2.74,0.18,-214.06,-484.23,0.00,0.09,0.03 
1747830586.61,0,-138.01,-459.17,2.43,10.08,0.03,-138.01,-459.17,0.00,-0.24,5.30 
1747830586.61,2,-214.04,-484.24,0.51,3.24,0.19,-214.04,-484.24,0.00,0.09,0.02 
1747830586.71,0,-138.02,-458.59,2.53,8.94,0.03,-138.02,-458.59,0.00,-0.24,5.33 
1747830586.71,2,-214.03,-484.22,0.57,3.35,0.28,-214.03,-484.22,0.00,0.09,0.03 
1747830586.81,0,-138.04,-457.97,2.43,9.69,0.03,-138.04,-457.97,0.00,-0.24,5.37 
1747830586.81,2,-214.03,-484.22,0.60,3.31,0.30,-214.03,-484.22,0.00,0.09,0.03 
1747830586.91,0,-138.05,-457.41,2.49,8.59,0.04,-138.05,-457.41,0.00,-0.23,5.38 
1747830586.91,2,-214.03,-484.19,0.52,3.79,0.36,-214.03,-484.19,0.00,0.09,0.04 
1747830587.01,0,-138.08,-456.80,2.25,9.41,0.10,-138.08,-456.80,0.00,-0.23,5.41 
1747830587.01,2,-214.03,-484.19,0.79,3.35,0.36,-214.03,-484.19,0.00,0.08,0.04 
1747830587.11,0,-138.10,-456.22,2.52,8.86,0.10,-138.10,-456.22,0.00,-0.23,5.43 
1747830587.11,2,-214.03,-484.20,0.74,3.41,0.37,-214.03,-484.20,0.00,0.08,0.03 
1747830587.31,0,-138.11,-455.14,6.54,3.12,1.54,-138.11,-455.14,0.00,-0.22,5.43 
1747830587.31,2,-214.02,-484.15,0.69,4.07,0.44,-214.02,-484.15,0.00,0.07,0.06 
1747830587.41,0,-138.13,-454.55,2.74,8.72,0.19,-138.13,-454.55,0.00,-0.21,5.45 
1747830587.41,2,-214.02,-484.15,1.01,3.15,0.25,-214.02,-484.15,0.00,0.07,0.05 
1747830587.51,0,-138.12,-453.97,3.21,7.86,0.08,-138.12,-453.97,0.00,-0.20,5.47 
1747830587.51,2,-214.02,-484.16,0.96,3.77,0.30,-214.02,-484.16,0.00,0.07,0.04 
1747830587.61,0,-138.12,-453.37,3.07,8.70,0.06,-138.12,-453.37,0.00,-0.19,5.49 
1747830587.61,2,-214.02,-484.19,1.15,4.26,0.30,-214.02,-484.19,0.00,0.06,0.03 
1747830587.71,0,-138.12,-452.80,3.06,7.79,0.00,-138.12,-452.80,0.00,-0.18,5.50 
1747830587.71,2,-213.99,-484.28,0.95,6.50,0.31,-213.99,-484.28,0.00,0.07,-0.02 
1747830587.81,0,-138.11,-452.32,3.19,9.25,0.02,-138.11,-452.32,0.00,-0.17,5.47 
1747830587.81,2,-213.98,-484.35,1.17,6.56,0.32,-213.98,-484.35,0.00,0.08,-0.05 
1747830587.91,0,-138.11,-451.80,3.23,8.06,0.05,-138.11,-451.80,0.00,-0.16,5.46 
1747830587.91,2,-213.95,-484.45,0.97,7.25,0.32,-213.95,-484.45,0.00,0.09,-0.09 
1747830588.01,0,-138.10,-451.26,3.19,9.22,0.05,-138.10,-451.26,0.00,-0.15,5.45 
1747830588.01,2,-213.92,-484.51,0.72,6.02,0.44,-213.92,-484.51,0.00,0.10,-0.12 
1747830588.11,0,-138.10,-450.70,3.12,8.83,0.05,-138.10,-450.70,0.00,-0.14,5.46 
1747830588.11,2,-213.87,-484.62,0.56,6.19,0.45,-213.87,-484.62,0.00,0.12,-0.17 
1747830588.21,0,-138.04,-450.21,4.47,8.32,1.47,-138.04,-450.21,0.00,-0.10,5.44 
1747830588.21,2,-213.84,-484.71,0.83,5.41,0.27,-213.84,-484.71,0.00,0.12,-0.20 
1747830588.31,0,-138.02,-449.65,5.47,7.22,0.54,-138.02,-449.65,0.00,-0.09,5.44 
1747830588.31,2,-213.83,-484.73,0.75,3.71,0.25,-213.83,-484.73,0.00,0.13,-0.21 
1747830588.41,0,-138.02,-449.11,4.34,6.35,0.53,-138.02,-449.11,0.00,-0.09,5.44 
1747830588.41,2,-213.83,-484.73,0.89,6.19,0.28,-213.83,-484.73,0.00,0.12,-0.19 
1747830588.61,0,-138.03,-448.09,4.01,8.73,0.54,-138.03,-448.09,0.00,-0.08,5.41 
1747830588.61,2,-213.82,-484.74,0.90,6.23,0.28,-213.82,-484.74,0.00,0.11,-0.18 
1747830588.71,0,-138.01,-447.51,2.93,8.42,0.15,-138.01,-447.51,0.00,-0.07,5.42 
1747830588.71,2,-213.84,-484.67,0.90,6.28,0.44,-213.84,-484.67,0.00,0.10,-0.14 
1747830588.91,0,-138.00,-446.43,2.54,8.63,0.10,-138.00,-446.43,0.00,-0.06,5.42 
1747830588.91,2,-213.81,-484.71,0.59,5.36,0.37,-213.81,-484.71,0.00,0.10,-0.14 
1747830589.21,0,-137.98,-444.84,2.55,9.48,0.07,-137.98,-444.84,0.00,-0.04,5.41 
1747830589.21,2,-213.79,-484.76,0.73,4.88,0.46,-213.79,-484.76,0.00,0.10,-0.15 
1747830589.41,0,-137.93,-443.86,9.15,3.89,1.50,-137.93,-443.86,0.00,-0.01,5.36 
1747830589.41,2,-213.77,-484.79,0.75,4.76,0.43,-213.77,-484.79,0.00,0.10,-0.15 
1747830589.71,0,-137.88,-442.16,3.22,8.70,0.09,-137.88,-442.16,0.00,0.01,5.40 
1747830589.91,0,-137.79,-440.97,2.65,8.16,0.08,-137.79,-440.97,0.00,0.05,5.45 
1747830590.01,0,-137.72,-440.43,2.59,7.06,0.05,-137.72,-440.43,0.00,0.08,5.45 
1747830590.01,2,-213.84,-484.47,0.45,3.40,0.54,-213.84,-484.47,0.00,0.04,0.03 
1747830590.41,0,-137.62,-438.38,2.70,10.60,0.07,-137.62,-438.38,0.00,0.12,5.39 
1747830590.41,2,-213.85,-484.40,0.45,2.87,0.65,-213.85,-484.40,0.00,0.03,0.06 
1747830590.71,0,-137.45,-436.92,7.02,3.16,1.56,-137.45,-436.92,0.00,0.18,5.32 
1747830590.71,2,-213.85,-484.35,0.30,2.72,0.68,-213.85,-484.35,0.00,0.02,0.07 
1747830590.81,0,-137.34,-436.43,8.46,2.91,1.54,-137.34,-436.43,0.00,0.22,5.30 
1747830590.81,2,-213.86,-484.31,0.49,2.63,0.66,-213.86,-484.31,0.00,0.02,0.09 
1747830590.91,0,-137.27,-435.87,2.29,6.66,0.01,-137.27,-435.87,0.00,0.25,5.31 
1747830591.01,0,-137.21,-435.42,3.11,6.52,0.98,-137.21,-435.42,0.00,0.26,5.27 
1747830591.01,2,-213.84,-484.23,0.32,2.08,0.58,-213.84,-484.23,0.00,0.02,0.12 
1747830591.11,0,-137.17,-435.00,4.04,6.43,0.99,-137.17,-435.00,0.00,0.27,5.22 
1747830591.11,2,-213.85,-484.17,0.37,2.24,0.58,-213.85,-484.17,0.00,0.02,0.14 
1747830591.21,0,-137.12,-434.53,8.18,5.20,1.07,-137.12,-434.53,0.00,0.28,5.19 
1747830591.21,2,-213.84,-484.16,0.19,2.32,0.57,-213.84,-484.16,0.00,0.02,0.14 
1747830591.31,0,-137.07,-434.07,8.85,4.96,1.08,-137.07,-434.07,0.00,0.29,5.16 
1747830591.31,2,-213.84,-484.15,0.22,2.35,0.57,-213.84,-484.15,0.00,0.02,0.14 
1747830591.41,0,-137.02,-433.64,10.49,5.38,1.14,-137.02,-433.64,0.00,0.30,5.12 
1747830591.41,2,-213.84,-484.14,0.25,2.38,0.57,-213.84,-484.14,0.00,0.02,0.14 
1747830591.51,0,-136.97,-433.23,11.09,5.54,1.13,-136.97,-433.23,0.00,0.31,5.07 
1747830591.51,2,-213.84,-484.12,0.28,2.42,0.57,-213.84,-484.12,0.00,0.02,0.14 
1747830591.81,0,-136.85,-431.82,2.30,9.73,0.02,-136.85,-431.82,0.00,0.32,5.01 
1747830591.81,2,-213.83,-484.08,0.36,2.51,0.57,-213.83,-484.08,0.00,0.02,0.14 
1747830591.91,0,-136.80,-431.37,2.18,8.70,0.02,-136.80,-431.37,0.00,0.33,4.99 
1747830591.91,2,-213.83,-484.07,0.39,2.54,0.57,-213.83,-484.07,0.00,0.02,0.14 
1747830592.01,0,-136.76,-430.93,2.11,9.53,0.02,-136.76,-430.93,0.00,0.34,4.96 
1747830592.21,0,-136.67,-429.97,8.10,2.62,1.57,-136.67,-429.97,0.00,0.35,4.94 
1747830592.41,0,-136.60,-429.08,9.71,2.57,1.52,-136.60,-429.08,0.00,0.35,4.90 
1747830592.51,0,-136.55,-428.58,2.30,6.39,0.01,-136.55,-428.58,0.00,0.36,4.90 
1747830592.51,2,-213.66,-484.24,0.46,2.74,0.37,-213.66,-484.24,0.00,0.09,0.03 
1747830592.71,0,-136.48,-427.66,5.83,2.17,1.56,-136.48,-427.66,0.00,0.35,4.87 
1747830592.71,2,-213.51,-484.34,0.59,2.81,0.37,-213.51,-484.34,0.00,0.14,-0.01 
1747830592.91,0,-136.41,-426.85,8.05,2.53,1.41,-136.41,-426.85,0.00,0.35,4.79 
1747830592.91,2,-213.56,-484.44,0.83,2.81,1.24,-213.56,-484.44,0.00,0.11,-0.05 
1747830593.31,0,-136.23,-424.92,8.52,2.19,1.55,-136.23,-424.92,0.00,0.37,4.79 
1747830593.31,2,-213.56,-484.39,0.61,3.16,0.87,-213.56,-484.39,0.00,0.09,-0.02 
1747830593.61,0,-136.08,-423.61,1.91,6.90,0.06,-136.08,-423.61,0.00,0.39,4.74 
1747830593.61,2,-213.53,-484.41,0.37,2.49,0.67,-213.53,-484.41,0.00,0.09,-0.03 
1747830593.71,0,-136.04,-423.13,7.71,1.87,1.52,-136.04,-423.13,0.00,0.39,4.74 
1747830593.71,2,-213.52,-484.37,0.65,2.75,0.72,-213.52,-484.37,0.00,0.09,-0.01 
1747830593.81,0,-136.01,-422.73,9.50,2.34,1.49,-136.01,-422.73,0.00,0.39,4.70 
1747830593.81,2,-213.52,-484.37,0.47,2.85,0.67,-213.52,-484.37,0.00,0.09,-0.01 
1747830593.91,0,-135.97,-422.18,8.68,2.30,1.51,-135.97,-422.18,0.00,0.39,4.74 
1747830593.91,2,-213.53,-484.31,0.56,3.58,0.65,-213.53,-484.31,0.00,0.08,0.02 
1747830594.01,0,-135.94,-421.72,8.14,2.31,1.48,-135.94,-421.72,0.00,0.38,4.73 
1747830594.01,2,-213.53,-484.31,0.34,2.73,0.65,-213.53,-484.31,0.00,0.08,0.01 
1747830594.11,0,-135.91,-421.26,2.52,8.03,0.02,-135.91,-421.26,0.00,0.38,4.73 
1747830594.11,2,-213.54,-484.25,0.50,3.38,0.65,-213.54,-484.25,0.00,0.07,0.04 
1747830594.21,0,-135.89,-420.83,2.63,8.51,0.01,-135.89,-420.83,0.00,0.37,4.71 
1747830594.21,2,-213.55,-484.25,0.24,2.53,0.72,-213.55,-484.25,0.00,0.06,0.04 
1747830594.31,0,-135.88,-420.42,8.68,2.68,1.53,-135.88,-420.42,0.00,0.36,4.68 
1747830594.31,2,-213.54,-484.24,0.09,2.11,0.69,-213.54,-484.24,0.00,0.06,0.04 
1747830594.71,0,-135.77,-418.62,9.37,2.73,1.51,-135.77,-418.62,0.00,0.34,4.65 
1747830594.71,2,-213.48,-484.24,0.12,2.12,0.57,-213.48,-484.24,0.00,0.08,0.03 
1747830594.81,0,-135.76,-418.29,10.01,2.38,1.54,-135.76,-418.29,0.00,0.33,4.58 
1747830594.81,2,-213.44,-484.27,0.16,2.16,0.57,-213.44,-484.27,0.00,0.09,0.02 
1747830594.91,0,-135.74,-417.84,2.31,5.34,0.05,-135.74,-417.84,0.00,0.32,4.58 
1747830594.91,2,-213.41,-484.27,0.21,2.18,0.61,-213.41,-484.27,0.00,0.11,0.02 
1747830595.01,0,-135.73,-417.38,2.41,7.51,0.05,-135.73,-417.38,0.00,0.31,4.58 
1747830595.01,2,-213.39,-484.29,0.27,2.28,0.64,-213.39,-484.29,0.00,0.11,0.00 
1747830595.31,0,-135.66,-416.01,1.93,8.00,0.12,-135.66,-416.01,0.00,0.30,4.57 
1747830595.31,2,-213.34,-484.31,0.32,2.42,0.62,-213.34,-484.31,0.00,0.12,-0.01 
1747830595.51,0,-135.63,-415.11,2.05,5.46,0.24,-135.63,-415.11,0.00,0.28,4.57 
1747830595.51,2,-213.31,-484.32,0.50,3.00,0.62,-213.31,-484.32,0.00,0.12,-0.01 
1747830595.61,0,-135.61,-414.77,2.49,7.18,0.24,-135.61,-414.77,0.00,0.28,4.51 
1747830595.61,2,-213.30,-484.33,0.80,3.07,0.56,-213.30,-484.33,0.00,0.12,-0.01 
1747830595.71,0,-135.61,-414.32,2.52,7.92,0.03,-135.61,-414.32,0.00,0.27,4.51 
1747830595.71,2,-213.32,-484.32,1.18,3.45,0.87,-213.32,-484.32,0.00,0.10,-0.01 
1747830595.91,0,-135.59,-413.43,2.63,7.92,0.04,-135.59,-413.43,0.00,0.25,4.50 
1747830595.91,2,-213.31,-484.30,1.11,3.73,1.04,-213.31,-484.30,0.00,0.10,0.00 
1747830596.01,0,-135.59,-413.09,2.65,9.79,0.03,-135.59,-413.09,0.00,0.24,4.45 
1747830596.01,2,-213.31,-484.31,1.15,3.59,1.04,-213.31,-484.31,0.00,0.09,-0.00 
1747830596.31,0,-135.56,-411.90,7.68,2.73,1.52,-135.56,-411.90,0.00,0.22,4.38 
1747830596.31,2,-213.30,-484.28,1.16,4.12,1.03,-213.30,-484.28,0.00,0.09,0.01 
1747830596.41,0,-135.57,-411.64,9.02,2.57,1.51,-135.57,-411.64,0.00,0.20,4.29 
1747830596.41,2,-213.32,-484.28,1.17,4.06,1.03,-213.32,-484.28,0.00,0.07,0.01 
1747830596.51,0,-135.61,-411.52,9.91,2.93,1.52,-135.61,-411.52,0.00,0.17,4.14 
1747830596.51,2,-213.37,-484.24,0.98,4.01,1.18,-213.37,-484.24,0.00,0.04,0.03 
1747830596.61,0,-135.64,-411.41,10.98,3.33,1.52,-135.64,-411.41,0.00,0.15,3.99 
1747830596.61,2,-213.42,-484.21,0.94,4.11,1.18,-213.42,-484.21,0.00,0.02,0.05 
1747830596.71,0,-135.67,-411.25,12.19,3.80,1.52,-135.67,-411.25,0.00,0.13,3.87 
1747830596.71,2,-213.47,-484.14,1.51,4.35,1.18,-213.47,-484.14,0.00,-0.01,0.08 
1747830596.81,0,-135.81,-411.21,12.14,5.49,0.17,-135.81,-411.21,0.00,0.05,3.70 
1747830596.81,2,-213.51,-484.10,1.12,3.76,1.23,-213.51,-484.10,0.00,-0.03,0.09 
1747830596.91,0,-135.90,-411.21,12.25,7.48,0.29,-135.90,-411.21,0.00,0.00,3.51 
1747830597.01,0,-135.93,-411.25,12.26,10.26,0.31,-135.93,-411.25,0.00,-0.01,3.32 
1747830597.01,2,-213.63,-483.96,1.15,3.34,1.33,-213.63,-483.96,0.00,-0.08,0.15 
1747830597.11,0,-135.97,-411.26,12.24,13.64,0.30,-135.97,-411.26,0.00,-0.03,3.15 
1747830597.11,2,-213.62,-483.94,0.44,1.38,0.76,-213.62,-483.94,0.00,-0.07,0.15 
1747830597.31,0,-135.99,-410.95,11.03,29.73,0.28,-135.99,-410.95,0.00,-0.04,2.99 
1747830597.31,2,-213.64,-483.90,0.41,1.48,0.76,-213.64,-483.90,0.00,-0.07,0.15 
1747830597.41,0,-136.01,-410.94,10.98,30.29,0.27,-136.01,-410.94,0.00,-0.04,2.85 
1747830597.41,2,-213.65,-483.86,0.51,1.73,0.86,-213.65,-483.86,0.00,-0.08,0.17 
1747830597.51,0,-136.01,-410.90,10.07,29.75,0.26,-136.01,-410.90,0.00,-0.04,2.73 
1747830597.51,2,-213.65,-483.85,0.49,1.68,0.86,-213.65,-483.85,0.00,-0.08,0.17 
1747830597.61,0,-136.07,-410.66,9.08,21.51,0.20,-136.07,-410.66,0.00,-0.07,2.71 
1747830597.61,2,-213.66,-483.83,0.47,1.63,0.86,-213.66,-483.83,0.00,-0.08,0.17 
1747830597.71,0,-136.10,-410.22,21.58,5.59,1.54,-136.10,-410.22,0.00,-0.08,2.80 
1747830597.71,2,-213.67,-483.81,0.44,1.58,0.86,-213.67,-483.81,0.00,-0.08,0.17 
1747830597.81,0,-136.13,-409.79,21.96,5.46,1.54,-136.13,-409.79,0.00,-0.09,2.87 
1747830597.81,2,-213.63,-483.78,0.52,1.72,0.67,-213.63,-483.78,0.00,-0.05,0.17 
1747830597.91,0,-136.16,-409.36,21.34,5.30,1.54,-136.16,-409.36,0.00,-0.10,2.94 
1747830597.91,2,-213.60,-483.75,0.59,1.89,0.67,-213.60,-483.75,0.00,-0.04,0.18 
1747830598.01,0,-136.19,-408.94,21.05,5.06,1.55,-136.19,-408.94,0.00,-0.11,3.00 
1747830598.01,2,-213.55,-483.79,0.56,3.45,0.67,-213.55,-483.79,0.00,-0.01,0.15 
1747830598.11,0,-136.22,-408.48,21.30,5.02,1.55,-136.22,-408.48,0.00,-0.12,3.08 
1747830598.11,2,-213.53,-483.77,0.78,2.25,0.67,-213.53,-483.77,0.00,-0.00,0.15 
1747830598.21,0,-136.21,-408.00,22.00,4.56,1.50,-136.21,-408.00,0.00,-0.11,3.16 
1747830598.31,0,-136.24,-407.53,21.01,4.17,1.51,-136.24,-407.53,0.00,-0.12,3.24 
1747830598.61,0,-136.28,-406.36,21.58,3.93,1.51,-136.28,-406.36,0.00,-0.12,3.33 
1747830598.61,2,-213.55,-483.67,1.11,3.15,1.22,-213.55,-483.67,0.00,-0.01,0.16 
1747830598.71,0,-136.29,-405.86,21.27,3.83,1.51,-136.29,-405.86,0.00,-0.12,3.41 
1747830598.71,2,-213.55,-483.64,0.93,3.06,1.22,-213.55,-483.64,0.00,-0.01,0.17 
1747830598.81,0,-136.30,-405.39,21.03,3.62,1.52,-136.30,-405.39,0.00,-0.12,3.47 
1747830598.81,2,-213.55,-483.65,1.16,3.17,1.22,-213.55,-483.65,0.00,-0.01,0.16 
1747830599.01,0,-136.27,-404.50,20.98,5.63,1.52,-136.27,-404.50,0.00,-0.09,3.57 
1747830599.01,2,-213.55,-483.65,1.18,3.70,1.22,-213.55,-483.65,0.00,-0.01,0.14 
1747830599.11,0,-136.25,-404.05,8.61,19.54,0.23,-136.25,-404.05,0.00,-0.08,3.61 
1747830599.11,2,-213.54,-483.64,0.89,3.59,1.28,-213.54,-483.64,0.00,-0.00,0.14 
1747830599.41,0,-136.15,-402.95,9.39,20.11,0.27,-136.15,-402.95,0.00,-0.02,3.62 
1747830599.41,2,-213.52,-483.64,1.35,4.23,1.29,-213.52,-483.64,0.00,0.01,0.12 
1747830599.51,0,-136.04,-402.57,9.00,20.46,0.26,-136.04,-402.57,0.00,0.03,3.63 
1747830599.51,2,-213.51,-483.64,0.67,3.89,1.29,-213.51,-483.64,0.00,0.01,0.12 
1747830599.61,0,-135.93,-402.14,8.53,20.27,0.25,-135.93,-402.14,0.00,0.09,3.66 
1747830599.61,2,-213.47,-483.67,1.24,4.09,1.27,-213.47,-483.67,0.00,0.03,0.10 
1747830599.81,0,-135.81,-401.39,7.95,20.78,0.23,-135.81,-401.39,0.00,0.13,3.67 
1747830599.81,2,-213.43,-483.67,1.28,3.96,1.27,-213.43,-483.67,0.00,0.04,0.09 
1747830599.91,0,-135.72,-400.96,7.70,21.19,0.23,-135.72,-400.96,0.00,0.17,3.70 
1747830599.91,2,-213.37,-483.65,1.48,3.08,1.01,-213.37,-483.65,0.00,0.07,0.09 
1747830600.01,0,-135.63,-400.58,7.32,21.18,0.21,-135.63,-400.58,0.00,0.20,3.70 
1747830600.01,2,-213.31,-483.66,0.86,3.76,1.01,-213.31,-483.66,0.00,0.09,0.08 
1747830600.11,0,-135.60,-400.07,5.20,21.81,0.11,-135.60,-400.07,0.00,0.21,3.77 
1747830600.11,2,-213.27,-483.63,1.41,3.23,1.11,-213.27,-483.63,0.00,0.11,0.09 
1747830600.21,0,-135.56,-399.63,5.41,21.14,0.14,-135.56,-399.63,0.00,0.22,3.80 
1747830600.21,2,-213.21,-483.66,0.51,3.46,0.81,-213.21,-483.66,0.00,0.13,0.08 
1747830600.31,0,-135.54,-399.07,5.45,21.21,0.11,-135.54,-399.07,0.00,0.22,3.89 
1747830600.31,2,-213.19,-483.65,0.46,3.45,0.81,-213.19,-483.65,0.00,0.13,0.08 
1747830600.41,0,-135.51,-398.56,5.16,20.67,0.11,-135.51,-398.56,0.00,0.22,3.95 
1747830600.81,0,-135.46,-396.72,4.25,20.79,0.03,-135.46,-396.72,0.00,0.21,4.07 
1747830601.01,0,-135.51,-395.54,20.01,5.93,1.54,-135.51,-395.54,0.00,0.16,4.25 
1747830601.11,0,-135.58,-394.83,19.23,5.86,1.55,-135.58,-394.83,0.00,0.12,4.38 
1747830601.31,0,-135.63,-393.77,18.83,5.62,1.54,-135.63,-393.77,0.00,0.08,4.48 
1747830601.41,0,-135.69,-393.15,18.21,5.31,1.52,-135.69,-393.15,0.00,0.05,4.56 
1747830601.61,0,-135.72,-392.06,17.29,4.55,1.53,-135.72,-392.06,0.00,0.03,4.65 
1747830601.81,0,-135.75,-391.05,16.76,4.48,1.51,-135.75,-391.05,0.00,0.01,4.69 
1747830601.91,0,-135.78,-390.48,16.70,4.31,1.49,-135.78,-390.48,0.00,-0.00,4.73 
1747830602.01,0,-135.75,-389.89,16.05,3.99,1.38,-135.75,-389.89,0.00,0.01,4.79 
1747830602.01,2,-213.04,-483.70,3.06,0.78,0.06,-213.04,-483.70,0.00,0.09,0.02 
1747830602.11,0,-135.73,-389.33,16.05,4.12,1.39,-135.73,-389.33,0.00,0.02,4.83 
1747830602.11,2,-213.09,-483.72,0.68,2.46,1.47,-213.09,-483.72,0.00,0.07,0.01 
1747830602.31,0,-135.71,-388.30,15.76,4.14,1.51,-135.71,-388.30,0.00,0.03,4.87 
1747830602.31,2,-213.10,-483.73,2.20,0.50,0.06,-213.10,-483.73,0.00,0.06,0.00 
1747830602.51,0,-135.67,-387.22,4.21,14.55,0.04,-135.67,-387.22,0.00,0.05,4.92 
1747830602.51,2,-213.08,-483.73,2.24,0.50,0.06,-213.08,-483.73,0.00,0.06,0.00 
1747830602.71,0,-135.59,-386.13,3.93,13.97,0.03,-135.59,-386.13,0.00,0.08,4.97 
1747830602.71,2,-213.07,-483.73,2.28,0.50,0.06,-213.07,-483.73,0.00,0.06,0.00 
1747830602.81,0,-135.47,-385.47,13.37,3.75,1.56,-135.47,-385.47,0.00,0.13,5.05 
1747830602.81,2,-213.07,-483.73,2.30,0.50,0.06,-213.07,-483.73,0.00,0.06,0.00 
1747830602.91,0,-135.42,-384.92,11.99,3.57,1.56,-135.42,-384.92,0.00,0.15,5.07 
1747830602.91,2,-213.06,-483.73,2.31,0.50,0.06,-213.06,-483.73,0.00,0.06,0.00 
