1747830128.32,0,-160.23,-262.91,4.90,2.26,1.37,-160.23,-262.91,0.00,1.61,-4.69 
1747830128.42,0,-160.19,-263.58,6.56,1.79,0.79,-160.19,-263.58,0.00,1.53,-4.81 
1747830128.52,0,-160.09,-264.33,6.19,3.02,0.08,-160.09,-264.33,0.00,1.50,-4.98 
1747830128.52,0,-159.79,-265.33,4.61,7.62,0.08,-159.79,-265.33,0.00,1.50,-4.98 
1747830128.82,0,-159.80,-265.96,4.54,6.54,0.25,-159.80,-265.96,0.00,1.41,-5.06 
1747830128.92,0,-159.73,-266.46,3.21,5.74,0.35,-159.73,-266.46,0.00,1.37,-5.06 
1747830129.02,0,-159.61,-266.94,1.97,4.59,1.01,-159.61,-266.94,0.00,1.36,-5.04 
1747830129.12,0,-159.49,-267.47,2.57,3.22,1.47,-159.49,-267.47,0.00,1.35,-5.05 
1747830129.32,0,-159.19,-268.36,2.85,3.63,0.58,-159.19,-268.36,0.00,1.37,-4.99 
1747830129.42,0,-159.02,-268.73,3.15,4.06,0.43,-159.02,-268.73,0.00,1.38,-4.93 
1747830129.52,0,-158.88,-269.15,2.70,6.14,0.26,-158.88,-269.15,0.00,1.38,-4.89 
1747830129.62,0,-158.67,-269.65,3.57,2.46,0.32,-158.67,-269.65,0.00,1.42,-4.90 
1747830129.72,0,-158.46,-270.11,4.45,2.66,0.26,-158.46,-270.11,0.00,1.46,-4.88 
1747830129.82,0,-158.27,-270.54,4.20,4.02,0.28,-158.27,-270.54,0.00,1.47,-4.85 
1747830129.92,0,-158.06,-271.03,4.44,3.24,0.37,-158.06,-271.03,0.00,1.51,-4.86 
1747830130.02,0,-157.89,-271.48,3.95,4.11,0.37,-157.89,-271.48,0.00,1.52,-4.84 
1747830130.32,0,-157.45,-272.87,2.85,5.74,0.54,-157.45,-272.87,0.00,1.51,-4.81 
1747830130.42,0,-157.33,-273.28,2.51,5.95,0.65,-157.33,-273.28,0.00,1.49,-4.78 
1747830130.52,0,-157.16,-273.69,3.41,4.28,0.61,-157.16,-273.69,0.00,1.50,-4.75 
1747830130.72,0,-156.88,-274.56,5.00,2.98,1.30,-156.88,-274.56,0.00,1.49,-4.71 
1747830131.12,0,-156.37,-276.39,2.05,4.61,0.30,-156.37,-276.39,0.00,1.45,-4.68 
1747830131.32,0,-156.12,-277.45,1.71,1.52,0.38,-156.12,-277.45,0.00,1.43,-4.74 
1747830131.42,0,-156.00,-277.90,2.33,1.95,0.32,-156.00,-277.90,0.00,1.42,-4.73 
1747830131.52,0,-155.89,-278.33,2.08,4.22,0.76,-155.89,-278.33,0.00,1.41,-4.71 
1747830131.72,0,-155.58,-279.17,2.44,4.43,0.64,-155.58,-279.17,0.00,1.42,-4.66 
1747830131.82,0,-155.45,-279.52,3.35,5.25,0.50,-155.45,-279.52,0.00,1.41,-4.60 
1747830132.12,0,-155.02,-280.80,2.69,3.82,0.35,-155.02,-280.80,0.00,1.42,-4.55 
1747830132.22,0,-154.89,-281.20,2.42,5.48,0.15,-154.89,-281.20,0.00,1.41,-4.53 
1747830132.32,0,-154.78,-281.62,3.06,2.99,0.38,-154.78,-281.62,0.00,1.40,-4.51 
1747830132.42,0,-154.67,-282.03,2.76,4.08,0.12,-154.67,-282.03,0.00,1.38,-4.49 
1747830132.52,0,-154.58,-282.39,3.07,5.90,0.12,-154.58,-282.39,0.00,1.36,-4.44 
1747830132.62,0,-154.47,-282.78,2.44,3.12,0.55,-154.47,-282.78,0.00,1.34,-4.42 
1747830132.72,0,-154.36,-283.18,2.34,3.56,0.40,-154.36,-283.18,0.00,1.33,-4.39 
1747830132.82,0,-154.22,-283.56,2.81,4.01,0.41,-154.22,-283.56,0.00,1.34,-4.37 
1747830132.92,0,-154.09,-283.95,2.66,4.50,0.24,-154.09,-283.95,0.00,1.33,-4.34 
1747830133.12,0,-153.88,-284.71,3.00,6.92,0.10,-153.88,-284.71,0.00,1.31,-4.29 
1747830133.22,0,-153.78,-285.07,2.77,5.55,0.12,-153.78,-285.07,0.00,1.29,-4.26 
1747830133.32,0,-153.70,-285.48,2.78,3.78,0.29,-153.70,-285.48,0.00,1.27,-4.25 
1747830133.62,0,-153.34,-286.72,2.12,2.32,0.44,-153.34,-286.72,0.00,1.26,-4.23 
1747830133.72,0,-153.25,-287.08,2.10,2.96,0.44,-153.25,-287.08,0.00,1.24,-4.20 
1747830133.82,0,-153.15,-287.51,2.68,2.57,0.41,-153.15,-287.51,0.00,1.23,-4.20 
1747830133.92,0,-153.06,-287.90,2.47,3.69,0.44,-153.06,-287.90,0.00,1.21,-4.19 
1747830134.02,0,-152.97,-288.27,2.53,5.12,0.26,-152.97,-288.27,0.00,1.20,-4.17 
1747830134.12,0,-152.87,-288.60,2.26,6.92,0.27,-152.87,-288.60,0.00,1.19,-4.12 
1747830134.22,0,-152.74,-289.00,2.48,3.45,0.24,-152.74,-289.00,0.00,1.19,-4.12 
1747830134.32,0,-152.63,-289.36,2.84,4.33,0.49,-152.63,-289.36,0.00,1.19,-4.09 
1747830134.42,0,-152.50,-289.73,3.47,3.79,0.41,-152.50,-289.73,0.00,1.19,-4.07 
1747830134.52,0,-152.36,-290.11,3.47,3.92,0.37,-152.36,-290.11,0.00,1.20,-4.06 
1747830134.82,0,-151.94,-291.30,4.18,3.34,0.45,-151.94,-291.30,0.00,1.23,-4.05 
1747830134.92,0,-151.75,-291.68,4.47,2.47,0.17,-151.75,-291.68,0.00,1.26,-4.04 
1747830135.02,0,-151.54,-292.13,4.47,3.70,0.53,-151.54,-292.13,0.00,1.30,-4.06 
1747830135.12,0,-151.38,-292.53,4.14,2.95,0.52,-151.38,-292.53,0.00,1.32,-4.05 
1747830135.32,0,-151.11,-293.30,3.19,4.75,0.48,-151.11,-293.30,0.00,1.32,-4.03 
1747830135.42,0,-150.91,-293.72,3.39,3.92,0.24,-150.91,-293.72,0.00,1.35,-4.04 
1747830135.52,0,-150.76,-294.12,2.14,3.06,0.16,-150.76,-294.12,0.00,1.36,-4.04 
1747830135.72,0,-150.46,-294.96,2.30,3.47,0.45,-150.46,-294.96,0.00,1.37,-4.06 
1747830135.92,0,-150.15,-295.79,2.34,2.84,0.50,-150.15,-295.79,0.00,1.39,-4.06 
1747830136.12,0,-149.86,-296.56,3.13,2.45,0.49,-149.86,-296.56,0.00,1.40,-4.05 
1747830136.32,0,-149.58,-297.33,3.50,2.85,0.56,-149.58,-297.33,0.00,1.40,-4.02 
1747830136.62,0,-149.08,-298.58,3.54,3.62,0.49,-149.08,-298.58,0.00,1.44,-4.05 
1747830136.72,0,-148.88,-298.97,3.73,4.78,0.53,-148.88,-298.97,0.00,1.46,-4.04 
1747830136.82,0,-148.54,-299.57,3.12,10.75,0.85,-148.54,-299.57,0.00,1.55,-4.13 
1747830136.92,0,-148.29,-300.11,4.09,8.24,0.29,-148.29,-300.11,0.00,1.60,-4.19 
1747830137.02,0,-148.07,-300.57,3.92,6.70,0.29,-148.07,-300.57,0.00,1.63,-4.21 
1747830137.12,0,-147.90,-300.95,3.62,6.27,0.29,-147.90,-300.95,0.00,1.63,-4.19 
1747830137.32,0,-147.58,-301.71,3.16,5.37,0.37,-147.58,-301.71,0.00,1.63,-4.16 
1747830137.42,0,-147.35,-302.19,3.41,8.52,0.45,-147.35,-302.19,0.00,1.66,-4.18 
1747830137.52,0,-147.14,-302.56,3.84,7.45,0.55,-147.14,-302.56,0.00,1.68,-4.16 
1747830137.72,0,-146.77,-303.36,2.82,4.42,0.47,-146.77,-303.36,0.00,1.70,-4.15 
1747830137.82,0,-146.55,-303.74,2.81,3.74,0.47,-146.55,-303.74,0.00,1.72,-4.13 
1747830137.92,0,-146.31,-304.13,4.41,4.09,0.05,-146.31,-304.13,0.00,1.76,-4.12 
1747830138.02,0,-146.05,-304.50,4.32,5.08,1.52,-146.05,-304.50,0.00,1.80,-4.10 
1747830138.12,0,-145.83,-304.82,5.76,4.38,1.52,-145.83,-304.82,0.00,1.81,-4.05 
1747830138.22,0,-145.63,-305.16,4.09,3.98,0.07,-145.63,-305.16,0.00,1.82,-4.02 
1747830138.42,0,-145.28,-305.90,3.21,5.26,0.74,-145.28,-305.90,0.00,1.82,-3.99 
1747830138.62,0,-144.90,-306.60,3.69,4.96,0.62,-144.90,-306.60,0.00,1.82,-3.95 
1747830138.72,0,-144.77,-306.96,3.54,5.49,0.58,-144.77,-306.96,0.00,1.80,-3.93 
1747830138.82,0,-144.59,-307.35,3.40,2.90,0.44,-144.59,-307.35,0.00,1.80,-3.93 
1747830138.92,0,-144.44,-307.72,3.49,4.10,0.46,-144.44,-307.72,0.00,1.79,-3.91 
1747830139.02,0,-144.26,-308.10,3.51,3.29,0.60,-144.26,-308.10,0.00,1.79,-3.91 
1747830139.42,0,-143.59,-309.73,3.50,4.63,0.37,-143.59,-309.73,0.00,1.77,-3.94 
1747830139.52,0,-143.43,-310.22,4.48,2.38,0.62,-143.43,-310.22,0.00,1.76,-3.99 
1747830139.62,0,-143.26,-310.69,3.81,2.79,0.49,-143.26,-310.69,0.00,1.75,-4.02 
1747830139.82,0,-142.99,-311.48,3.77,3.39,0.21,-142.99,-311.48,0.00,1.72,-4.01 
1747830139.92,0,-142.85,-311.86,3.40,4.15,0.47,-142.85,-311.86,0.00,1.70,-4.00 
1747830140.12,0,-142.55,-312.61,3.21,4.13,0.43,-142.55,-312.61,0.00,1.68,-3.98 
1747830140.22,0,-142.39,-313.01,3.17,4.11,0.50,-142.39,-313.01,0.00,1.68,-3.98 
1747830140.32,0,-142.25,-313.37,3.16,5.59,0.25,-142.25,-313.37,0.00,1.66,-3.96 
1747830140.42,0,-142.12,-313.76,3.45,3.81,0.27,-142.12,-313.76,0.00,1.64,-3.96 
1747830140.52,0,-141.98,-314.17,3.36,4.14,0.24,-141.98,-314.17,0.00,1.63,-3.97 
1747830140.62,0,-141.82,-314.63,4.20,3.66,0.66,-141.82,-314.63,0.00,1.63,-4.00 
1747830140.72,0,-141.70,-315.07,3.49,4.24,0.07,-141.70,-315.07,0.00,1.61,-4.02 
1747830140.82,0,-141.56,-315.51,3.64,4.23,0.33,-141.56,-315.51,0.00,1.60,-4.03 
1747830140.92,0,-141.42,-315.97,3.37,4.53,0.37,-141.42,-315.97,0.00,1.59,-4.06 
1747830141.02,0,-141.26,-316.50,2.56,8.61,0.08,-141.26,-316.50,0.00,1.59,-4.13 
1747830141.12,0,-141.12,-317.00,3.17,6.55,0.04,-141.12,-317.00,0.00,1.58,-4.17 
1747830141.22,0,-140.99,-317.47,3.38,5.80,0.04,-140.99,-317.47,0.00,1.57,-4.20 
1747830141.32,0,-140.87,-317.91,4.34,4.31,0.30,-140.87,-317.91,0.00,1.55,-4.20 
1747830141.52,0,-140.62,-318.75,4.31,4.69,0.19,-140.62,-318.75,0.00,1.52,-4.21 
1747830141.62,0,-140.51,-319.19,3.86,5.06,0.25,-140.51,-319.19,0.00,1.50,-4.21 
1747830141.72,0,-140.40,-319.62,3.95,6.60,0.15,-140.40,-319.62,0.00,1.48,-4.22 
1747830141.82,0,-140.26,-320.24,3.81,12.56,0.16,-140.26,-320.24,0.00,1.47,-4.32 
1747830141.92,0,-140.14,-320.85,4.02,10.79,0.15,-140.14,-320.85,0.00,1.46,-4.40 
1747830142.02,0,-140.05,-321.40,4.60,9.43,0.09,-140.05,-321.40,0.00,1.44,-4.45 
1747830142.12,0,-139.96,-321.89,7.40,4.19,1.53,-139.96,-321.89,0.00,1.41,-4.47 
1747830142.32,0,-139.77,-322.82,5.25,5.00,1.56,-139.77,-322.82,0.00,1.37,-4.49 
1747830142.42,0,-139.73,-323.32,6.74,3.40,0.43,-139.73,-323.32,0.00,1.32,-4.51 
1747830142.72,0,-139.53,-324.77,7.29,3.90,1.23,-139.53,-324.77,0.00,1.23,-4.56 
1747830142.82,0,-139.52,-325.38,6.91,5.40,0.10,-139.52,-325.38,0.00,1.17,-4.63 
1747830143.02,0,-139.46,-326.44,8.20,4.93,1.34,-139.46,-326.44,0.00,1.09,-4.70 
1747830143.12,0,-139.52,-327.00,9.23,5.23,1.34,-139.52,-327.00,0.00,1.01,-4.74 
1747830143.22,0,-139.56,-327.63,12.85,5.16,1.39,-139.56,-327.63,0.00,0.94,-4.81 
1747830143.32,0,-139.63,-328.21,10.78,4.74,1.02,-139.63,-328.21,0.00,0.87,-4.86 
1747830143.42,0,-139.68,-328.75,9.59,4.85,0.99,-139.68,-328.75,0.00,0.80,-4.89 
1747830143.62,0,-139.67,-329.82,11.91,5.31,1.23,-139.67,-329.82,0.00,0.73,-4.93 
1747830143.72,0,-139.72,-330.33,8.98,6.13,1.56,-139.72,-330.33,0.00,0.67,-4.94 
1747830143.82,0,-139.73,-330.82,8.77,5.02,1.21,-139.73,-330.82,0.00,0.63,-4.94 
1747830143.92,0,-139.76,-331.28,7.65,5.72,1.00,-139.76,-331.28,0.00,0.58,-4.92 
1747830144.02,0,-139.79,-331.78,5.84,5.09,1.34,-139.79,-331.78,0.00,0.54,-4.93 
1747830144.12,0,-139.85,-332.20,6.27,6.20,1.33,-139.85,-332.20,0.00,0.49,-4.89 
1747830144.32,0,-139.97,-333.15,8.34,6.53,0.92,-139.97,-333.15,0.00,0.38,-4.87 
1747830144.42,0,-140.09,-333.64,6.82,4.73,0.93,-140.09,-333.64,0.00,0.31,-4.88 
1747830144.82,0,-140.71,-335.91,9.03,5.91,1.06,-140.71,-335.91,0.00,-0.03,-5.02 
1747830144.92,0,-140.90,-336.43,9.77,6.32,1.00,-140.90,-336.43,0.00,-0.12,-5.03 
1747830145.02,0,-141.17,-336.97,12.49,6.33,0.82,-141.17,-336.97,0.00,-0.25,-5.05 
1747830145.22,0,-141.43,-337.96,9.37,7.45,1.09,-141.43,-337.96,0.00,-0.35,-5.04 
1747830145.32,0,-141.70,-338.46,11.49,8.19,1.14,-141.70,-338.46,0.00,-0.46,-5.04 
1747830145.52,0,-142.07,-339.40,11.12,8.83,0.85,-142.07,-339.40,0.00,-0.59,-5.00 
1747830145.72,0,-142.49,-340.31,10.95,9.05,0.86,-142.49,-340.31,0.00,-0.73,-4.96 
1747830145.82,0,-142.86,-340.83,9.61,8.97,1.07,-142.86,-340.83,0.00,-0.88,-4.97 
1747830145.92,0,-143.24,-341.29,11.49,8.77,0.86,-143.24,-341.29,0.00,-1.02,-4.95 
1747830146.22,0,-144.43,-342.46,11.09,7.36,0.76,-144.43,-342.46,0.00,-1.42,-4.81 
1747830146.32,0,-144.78,-342.81,9.84,9.13,1.12,-144.78,-342.81,0.00,-1.51,-4.75 
1747830146.62,0,-145.53,-344.18,13.65,8.32,0.85,-145.53,-344.18,0.00,-1.65,-4.72 
1747830146.72,0,-145.96,-344.55,12.08,8.67,0.73,-145.96,-344.55,0.00,-1.78,-4.68 
1747830146.82,0,-146.40,-344.94,12.83,7.40,0.61,-146.40,-344.94,0.00,-1.90,-4.64 
1747830147.12,0,-147.33,-346.20,13.29,9.61,0.75,-147.33,-346.20,0.00,-2.07,-4.58 
1747830147.32,0,-148.13,-346.91,13.48,9.45,0.43,-148.13,-346.91,0.00,-2.26,-4.48 
1747830147.42,0,-148.69,-347.18,12.52,8.86,0.39,-148.69,-347.18,0.00,-2.42,-4.39 
1747830147.52,0,-149.18,-347.45,12.58,8.44,0.06,-149.18,-347.45,0.00,-2.54,-4.31 
1747830148.22,0,-152.65,-349.66,15.19,6.56,0.01,-152.65,-349.66,0.00,-3.29,-3.95 
1747830148.32,0,-153.24,-349.84,14.14,7.55,0.19,-153.24,-349.84,0.00,-3.42,-3.85 
1747830148.42,0,-153.80,-350.00,14.52,7.80,0.19,-153.80,-350.00,0.00,-3.53,-3.73 
1747830148.52,0,-154.33,-350.18,14.91,7.79,0.20,-154.33,-350.18,0.00,-3.62,-3.63 
1747830148.62,0,-154.82,-350.34,14.64,8.03,0.20,-154.82,-350.34,0.00,-3.68,-3.53 
1747830148.72,0,-155.25,-350.48,13.45,8.11,0.20,-155.25,-350.48,0.00,-3.71,-3.42 
1747830148.92,0,-156.25,-350.94,7.26,16.11,1.50,-156.25,-350.94,0.00,-3.85,-3.30 
1747830149.12,0,-157.29,-351.34,7.37,15.32,1.19,-157.29,-351.34,0.00,-3.99,-3.17 
1747830149.22,0,-157.91,-351.49,7.01,15.13,1.48,-157.91,-351.49,0.00,-4.10,-3.08 
1747830149.32,0,-158.47,-351.62,7.50,13.98,1.48,-158.47,-351.62,0.00,-4.18,-2.99 
1747830149.42,0,-159.02,-351.73,8.01,15.58,1.48,-159.02,-351.73,0.00,-4.25,-2.89 
1747830149.52,0,-159.54,-351.81,8.53,15.36,1.52,-159.54,-351.81,0.00,-4.30,-2.79 
1747830149.62,0,-160.04,-351.90,8.32,15.88,1.52,-160.04,-351.90,0.00,-4.33,-2.69 
1747830149.72,0,-160.50,-351.90,14.24,9.99,0.08,-160.50,-351.90,0.00,-4.35,-2.55 
1747830149.92,0,-161.35,-352.12,16.47,9.82,0.08,-161.35,-352.12,0.00,-4.34,-2.41 
1747830150.02,0,-161.78,-352.07,17.64,9.83,0.07,-161.78,-352.07,0.00,-4.33,-2.26 
1747830150.32,0,-163.54,-352.08,12.46,10.26,0.13,-163.54,-352.08,0.00,-4.55,-1.94 
1747830150.42,0,-164.15,-352.01,15.65,9.94,0.13,-164.15,-352.01,0.00,-4.63,-1.81 
1747830150.62,0,-165.17,-352.09,9.81,16.58,1.55,-165.17,-352.09,0.00,-4.68,-1.67 
1747830150.72,0,-165.67,-351.97,9.98,15.41,1.55,-165.67,-351.97,0.00,-4.69,-1.54 
1747830150.82,0,-165.97,-351.80,23.56,11.79,0.16,-165.97,-351.80,0.00,-4.61,-1.38 
1747830151.02,0,-166.71,-351.71,25.13,12.39,0.11,-166.71,-351.71,0.00,-4.52,-1.21 
1747830151.32,0,-168.27,-351.64,9.95,19.56,1.29,-168.27,-351.64,0.00,-4.62,-1.01 
1747830151.52,0,-169.33,-351.43,8.08,20.99,1.10,-169.33,-351.43,0.00,-4.68,-0.81 
1747830152.62,0,-174.42,-349.54,13.89,19.85,1.21,-174.42,-349.54,0.00,-4.63,0.31 
1747830152.72,0,-174.67,-348.91,12.41,19.77,1.21,-174.67,-348.91,0.00,-4.53,0.60 
1747830152.82,0,-174.96,-348.41,11.38,20.65,1.21,-174.96,-348.41,0.00,-4.45,0.81 
1747830152.92,0,-175.21,-348.00,10.86,21.54,1.18,-175.21,-348.00,0.00,-4.35,0.97 
1747830153.22,0,-176.73,-347.21,5.35,21.51,0.68,-176.73,-347.21,0.00,-4.46,1.22 
1747830153.32,0,-177.49,-346.41,5.27,20.08,0.30,-177.49,-346.41,0.00,-4.62,1.56 
1747830153.42,0,-177.81,-346.00,9.20,17.75,1.02,-177.81,-346.00,0.00,-4.55,1.69 
1747830153.52,0,-178.12,-345.60,9.65,18.39,1.02,-178.12,-345.60,0.00,-4.47,1.80 
1747830153.62,0,-178.43,-345.24,9.82,19.29,0.96,-178.43,-345.24,0.00,-4.40,1.90 
1747830153.72,0,-178.70,-344.89,9.83,20.50,0.97,-178.70,-344.89,0.00,-4.31,1.98 
1747830153.82,0,-178.98,-344.57,9.26,21.62,0.96,-178.98,-344.57,0.00,-4.24,2.04 
1747830153.92,0,-179.36,-344.24,9.56,19.78,0.90,-179.36,-344.24,0.00,-4.21,2.11 
1747830154.02,0,-179.70,-343.92,9.75,19.56,0.90,-179.70,-343.92,0.00,-4.17,2.17 
1747830154.12,0,-180.04,-343.59,10.59,21.05,0.86,-180.04,-343.59,0.00,-4.13,2.22 
1747830154.22,0,-180.35,-343.28,10.86,21.22,0.83,-180.35,-343.28,0.00,-4.07,2.27 
1747830154.32,0,-180.83,-342.69,6.09,21.64,0.11,-180.83,-342.69,0.00,-4.11,2.46 
1747830154.42,0,-181.33,-342.15,6.88,21.64,0.52,-181.33,-342.15,0.00,-4.16,2.61 
1747830154.52,0,-181.81,-341.60,5.44,20.96,0.18,-181.81,-341.60,0.00,-4.19,2.76 
1747830154.72,0,-182.62,-340.74,6.83,20.43,0.16,-182.62,-340.74,0.00,-4.18,2.91 
1747830154.82,0,-183.09,-340.07,8.14,19.07,0.47,-183.09,-340.07,0.00,-4.20,3.11 
1747830155.02,0,-183.90,-339.09,4.76,20.35,0.14,-183.90,-339.09,0.00,-4.19,3.28 
1747830155.42,0,-185.28,-336.68,19.11,6.57,1.54,-185.28,-336.68,0.00,-4.05,3.80 
1747830155.62,0,-185.88,-335.54,6.72,17.97,0.03,-185.88,-335.54,0.00,-3.95,3.98 
1747830155.82,0,-186.38,-334.44,8.39,18.84,0.09,-186.38,-334.44,0.00,-3.81,4.13 
1747830155.92,0,-186.44,-333.81,9.36,17.55,0.12,-186.44,-333.81,0.00,-3.66,4.23 
1747830156.02,0,-186.54,-333.25,8.56,16.49,0.03,-186.54,-333.25,0.00,-3.53,4.30 
1747830156.12,0,-186.56,-332.75,11.10,17.90,0.37,-186.56,-332.75,0.00,-3.37,4.33 
1747830156.22,0,-186.59,-332.25,10.91,18.69,0.36,-186.59,-332.25,0.00,-3.22,4.36 
1747830156.32,0,-186.62,-331.79,10.74,20.07,0.31,-186.62,-331.79,0.00,-3.08,4.37 
1747830156.72,0,-187.45,-329.84,10.10,16.73,0.06,-187.45,-329.84,0.00,-2.89,4.47 
1747830156.82,0,-187.38,-329.20,11.59,14.63,0.34,-187.38,-329.20,0.00,-2.72,4.56 
1747830156.92,0,-187.42,-328.26,16.76,3.89,1.26,-187.42,-328.26,0.00,-2.61,4.79 
1747830157.02,0,-187.43,-327.36,17.69,6.15,1.35,-187.43,-327.36,0.00,-2.49,4.99 
1747830157.12,0,-187.47,-326.64,13.97,6.37,1.37,-187.47,-326.64,0.00,-2.39,5.10 
1747830157.22,0,-187.49,-325.88,16.21,7.20,1.44,-187.49,-325.88,0.00,-2.28,5.23 
1747830157.42,0,-187.74,-324.64,7.52,11.84,0.11,-187.74,-324.64,0.00,-2.17,5.32 
1747830157.52,0,-187.77,-324.02,6.66,10.64,0.17,-187.77,-324.02,0.00,-2.08,5.37 
1747830157.62,0,-187.77,-323.37,8.89,9.43,0.33,-187.77,-323.37,0.00,-1.97,5.43 
1747830157.72,0,-187.82,-322.79,11.65,6.28,1.49,-187.82,-322.79,0.00,-1.91,5.44 
1747830157.82,0,-187.85,-322.19,13.34,6.58,1.35,-187.85,-322.19,0.00,-1.82,5.47 
1747830157.92,0,-187.87,-321.62,7.54,13.17,0.11,-187.87,-321.62,0.00,-1.74,5.48 
1747830158.02,0,-187.90,-320.92,7.26,10.94,0.12,-187.90,-320.92,0.00,-1.67,5.56 
1747830158.12,0,-187.97,-320.36,8.74,5.66,1.51,-187.97,-320.36,0.00,-1.62,5.56 
1747830158.32,0,-188.16,-319.31,11.02,5.81,1.43,-188.16,-319.31,0.00,-1.55,5.53 
1747830158.42,0,-188.14,-318.78,11.00,6.95,1.40,-188.14,-318.78,0.00,-1.47,5.52 
1747830158.52,0,-188.16,-318.35,13.81,6.37,1.42,-188.16,-318.35,0.00,-1.41,5.46 
1747830158.62,0,-188.16,-317.91,13.93,7.04,1.40,-188.16,-317.91,0.00,-1.33,5.41 
1747830158.72,0,-188.15,-317.41,10.05,6.58,1.31,-188.15,-317.41,0.00,-1.27,5.39 
1747830158.82,0,-188.10,-316.83,13.94,8.05,1.33,-188.10,-316.83,0.00,-1.18,5.41 
1747830159.02,0,-188.19,-315.86,14.83,6.70,1.56,-188.19,-315.86,0.00,-1.11,5.35 
1747830159.22,0,-188.21,-314.73,10.02,6.30,1.34,-188.21,-314.73,0.00,-1.01,5.38 
1747830159.32,0,-188.19,-314.15,6.26,5.30,1.55,-188.19,-314.15,0.00,-0.95,5.40 
1747830159.42,0,-188.14,-313.56,7.22,5.93,1.54,-188.14,-313.56,0.00,-0.88,5.42 
1747830159.52,0,-188.14,-313.00,6.35,4.50,1.33,-188.14,-313.00,0.00,-0.84,5.43 
1747830159.62,0,-188.11,-312.44,7.83,5.43,1.17,-188.11,-312.44,0.00,-0.79,5.44 
1747830159.72,0,-188.13,-311.97,7.37,5.81,1.18,-188.13,-311.97,0.00,-0.76,5.41 
1747830159.92,0,-188.11,-310.85,8.31,6.33,1.38,-188.11,-310.85,0.00,-0.68,5.42 
1747830160.02,0,-188.00,-310.25,12.23,8.31,1.37,-188.00,-310.25,0.00,-0.59,5.45 
1747830160.12,0,-188.04,-309.64,4.70,9.72,0.31,-188.04,-309.64,0.00,-0.59,5.48 
1747830160.22,0,-188.00,-309.00,10.42,4.22,1.22,-188.00,-309.00,0.00,-0.53,5.52 
1747830160.32,0,-188.00,-308.41,10.48,3.54,1.42,-188.00,-308.41,0.00,-0.51,5.54 
1747830160.42,0,-187.99,-307.79,4.68,9.44,0.09,-187.99,-307.79,0.00,-0.48,5.57 
1747830160.52,0,-188.02,-307.25,3.25,7.66,0.06,-188.02,-307.25,0.00,-0.47,5.57 
1747830160.72,0,-188.10,-306.23,3.28,9.13,0.06,-188.10,-306.23,0.00,-0.46,5.52 
1747830160.82,0,-188.09,-305.73,4.21,6.87,0.05,-188.09,-305.73,0.00,-0.44,5.50 
1747830160.92,0,-188.07,-305.29,8.25,4.13,1.56,-188.07,-305.29,0.00,-0.41,5.45 
1747830161.02,0,-188.06,-304.85,3.74,7.23,0.23,-188.06,-304.85,0.00,-0.39,5.40 
1747830161.12,0,-188.10,-304.41,7.96,3.89,1.22,-188.10,-304.41,0.00,-0.38,5.35 
1747830161.42,0,-188.16,-302.95,5.21,6.59,0.57,-188.16,-302.95,0.00,-0.36,5.28 
1747830161.52,0,-188.15,-302.52,4.61,4.94,0.01,-188.15,-302.52,0.00,-0.34,5.24 
1747830161.62,0,-188.13,-301.97,6.49,3.45,1.12,-188.13,-301.97,0.00,-0.31,5.25 
1747830161.72,0,-188.16,-301.53,7.87,2.64,1.53,-188.16,-301.53,0.00,-0.31,5.21 
1747830161.82,0,-188.16,-301.12,3.52,8.27,0.13,-188.16,-301.12,0.00,-0.30,5.16 
1747830162.02,0,-188.21,-300.15,5.41,3.37,1.40,-188.21,-300.15,0.00,-0.29,5.12 
1747830162.12,0,-188.26,-299.77,7.58,3.08,1.40,-188.26,-299.77,0.00,-0.30,5.06 
1747830162.72,0,-188.48,-296.66,3.49,1.00,0.01,-188.48,-296.66,0.00,-0.32,5.09 
1747830162.82,0,-188.49,-296.17,3.40,1.63,0.03,-188.49,-296.17,0.00,-0.31,5.08 
1747830163.02,0,-188.54,-295.23,3.37,2.17,0.04,-188.54,-295.23,0.00,-0.30,5.04 
1747830163.12,0,-188.59,-294.87,3.39,2.86,0.04,-188.59,-294.87,0.00,-0.31,4.97 
1747830163.22,0,-188.60,-294.50,3.34,3.73,0.06,-188.60,-294.50,0.00,-0.30,4.91 
1747830163.52,0,-188.72,-293.16,6.85,2.85,1.51,-188.72,-293.16,0.00,-0.32,4.84 
1747830163.62,0,-188.70,-292.81,3.75,6.99,0.04,-188.70,-292.81,0.00,-0.29,4.77 
1747830163.72,0,-188.75,-292.31,3.30,2.53,0.11,-188.75,-292.31,0.00,-0.30,4.78 
1747830163.82,0,-188.79,-291.84,3.49,3.02,1.50,-188.79,-291.84,0.00,-0.31,4.78 
1747830163.92,0,-188.75,-291.36,4.84,3.01,0.10,-188.75,-291.36,0.00,-0.27,4.78 
1747830164.02,0,-188.76,-290.93,3.89,3.73,1.50,-188.76,-290.93,0.00,-0.26,4.76 
1747830164.12,0,-188.80,-290.53,6.03,3.46,1.50,-188.80,-290.53,0.00,-0.27,4.72 
1747830164.22,0,-188.81,-290.05,5.03,3.56,1.45,-188.81,-290.05,0.00,-0.26,4.72 
1747830164.42,0,-188.89,-289.15,3.54,6.27,0.05,-188.89,-289.15,0.00,-0.27,4.70 
1747830164.52,0,-188.95,-288.73,3.73,6.30,0.09,-188.95,-288.73,0.00,-0.29,4.67 
1747830165.52,0,-189.27,-283.97,3.33,5.78,0.05,-189.27,-283.97,0.00,-0.30,4.69 
1747830165.62,0,-189.30,-283.33,3.72,3.91,0.24,-189.30,-283.33,0.00,-0.30,4.77 
1747830165.72,0,-189.35,-282.82,3.38,2.47,0.25,-189.35,-282.82,0.00,-0.31,4.79 
1747830165.92,0,-189.46,-281.91,3.95,3.92,0.18,-189.46,-281.91,0.00,-0.34,4.77 
1747830166.02,0,-189.49,-281.49,2.85,3.54,0.16,-189.49,-281.49,0.00,-0.33,4.74 
1747830166.22,0,-189.51,-280.55,3.96,2.17,0.20,-189.51,-280.55,0.00,-0.31,4.73 
1747830166.32,0,-189.52,-280.13,4.76,3.19,1.51,-189.52,-280.13,0.00,-0.30,4.71 
1747830166.52,0,-189.58,-279.24,3.12,3.40,0.28,-189.58,-279.24,0.00,-0.30,4.68 
1747830166.72,0,-189.63,-278.43,3.20,4.12,0.01,-189.63,-278.43,0.00,-0.29,4.61 
1747830166.82,0,-189.60,-278.05,5.97,4.13,1.23,-189.60,-278.05,0.00,-0.26,4.57 
1747830166.92,0,-189.57,-277.61,4.36,3.40,1.23,-189.57,-277.61,0.00,-0.23,4.56 
1747830167.02,0,-189.56,-277.10,2.88,3.42,0.19,-189.56,-277.10,0.00,-0.22,4.59 
1747830167.02,2,-191.90,-285.93,3.54,1.28,0.89,-191.90,-285.93,0.00,0.37,6.00 
1747830167.12,0,-189.55,-276.64,2.68,3.55,0.18,-189.55,-276.64,0.00,-0.20,4.59 
1747830167.12,2,-191.96,-285.55,4.69,1.12,0.89,-191.96,-285.55,0.00,0.33,5.90 
1747830167.22,0,-189.57,-276.16,2.00,4.49,0.32,-189.57,-276.16,0.00,-0.20,4.60 
1747830167.22,2,-191.99,-285.05,4.20,1.98,0.06,-191.99,-285.05,0.00,0.31,5.87 
1747830167.32,0,-189.58,-275.73,2.32,5.25,0.17,-189.58,-275.73,0.00,-0.20,4.59 
1747830167.32,2,-192.01,-284.66,3.98,2.90,0.18,-192.01,-284.66,0.00,0.28,5.79 
1747830167.42,0,-189.53,-275.28,3.97,4.12,0.29,-189.53,-275.28,0.00,-0.16,4.58 
1747830167.42,2,-192.00,-284.29,2.64,7.03,0.17,-192.00,-284.29,0.00,0.28,5.70 
1747830167.52,0,-189.55,-274.82,3.86,2.32,1.20,-189.55,-274.82,0.00,-0.16,4.58 
1747830167.52,2,-192.07,-283.93,7.28,2.70,1.48,-192.07,-283.93,0.00,0.23,5.61 
1747830167.62,0,-189.58,-274.35,2.72,3.71,0.33,-189.58,-274.35,0.00,-0.17,4.59 
1747830167.72,0,-189.62,-273.88,3.08,3.30,0.26,-189.62,-273.88,0.00,-0.18,4.59 
1747830167.82,0,-189.66,-273.45,3.28,3.88,0.29,-189.66,-273.45,0.00,-0.19,4.58 
1747830167.92,0,-189.71,-272.98,3.39,3.90,0.26,-189.71,-272.98,0.00,-0.21,4.59 
1747830168.02,0,-189.77,-272.54,3.41,3.21,0.04,-189.77,-272.54,0.00,-0.23,4.58 
1747830168.12,0,-189.83,-272.09,3.65,4.83,0.19,-189.83,-272.09,0.00,-0.24,4.57 
1747830168.22,0,-189.91,-271.59,4.02,7.36,0.19,-189.91,-271.59,0.00,-0.27,4.59 
1747830168.32,0,-189.97,-271.14,3.76,5.38,0.14,-189.97,-271.14,0.00,-0.29,4.59 
1747830168.42,0,-190.02,-270.71,3.59,6.05,0.14,-190.02,-270.71,0.00,-0.30,4.57 
1747830168.52,0,-190.08,-270.21,4.04,6.77,0.02,-190.08,-270.21,0.00,-0.31,4.60 
1747830168.62,0,-190.13,-269.72,3.83,5.25,0.02,-190.13,-269.72,0.00,-0.32,4.61 
1747830168.82,0,-190.14,-268.81,4.50,4.35,0.19,-190.14,-268.81,0.00,-0.30,4.60 
1747830168.92,0,-190.10,-268.37,3.85,5.20,1.42,-190.10,-268.37,0.00,-0.27,4.60 
1747830169.02,0,-190.10,-267.95,6.41,3.98,1.57,-190.10,-267.95,0.00,-0.25,4.57 
1747830169.32,0,-190.16,-266.58,3.37,7.49,0.08,-190.16,-266.58,0.00,-0.24,4.57 
1747830169.42,0,-190.21,-266.11,3.98,6.58,0.34,-190.21,-266.11,0.00,-0.25,4.58 
1747830169.52,0,-190.27,-265.69,4.49,5.74,0.47,-190.27,-265.69,0.00,-0.27,4.57 
1747830169.72,0,-190.40,-264.79,5.66,3.91,0.21,-190.40,-264.79,0.00,-0.31,4.56 
1747830169.82,0,-190.49,-264.35,5.34,4.32,0.21,-190.49,-264.35,0.00,-0.34,4.55 
1747830169.92,0,-190.58,-263.94,5.07,5.59,0.05,-190.58,-263.94,0.00,-0.36,4.53 
1747830170.22,0,-190.75,-262.59,4.16,3.94,0.25,-190.75,-262.59,0.00,-0.39,4.52 
1747830170.52,0,-190.96,-261.26,4.23,3.26,0.09,-190.96,-261.26,0.00,-0.43,4.51 
1747830170.62,0,-191.10,-260.82,4.52,4.02,0.10,-191.10,-260.82,0.00,-0.48,4.51 
1747830170.82,0,-191.26,-259.92,4.02,4.32,0.12,-191.26,-259.92,0.00,-0.51,4.50 
1747830170.92,0,-191.36,-259.51,3.68,5.30,0.09,-191.36,-259.51,0.00,-0.54,4.49 
1747830171.02,0,-191.45,-259.05,4.40,7.19,0.42,-191.45,-259.05,0.00,-0.55,4.49 
1747830171.12,0,-191.59,-258.59,5.95,4.00,0.20,-191.59,-258.59,0.00,-0.59,4.50 
1747830171.22,0,-191.68,-258.16,5.27,3.76,0.19,-191.68,-258.16,0.00,-0.61,4.49 
1747830171.32,0,-191.76,-257.73,4.68,4.87,0.67,-191.76,-257.73,0.00,-0.62,4.48 
1747830171.42,0,-191.82,-257.25,5.62,3.98,0.92,-191.82,-257.25,0.00,-0.62,4.49 
1747830171.62,0,-191.90,-256.40,3.82,5.30,0.16,-191.90,-256.40,0.00,-0.60,4.47 
1747830171.72,0,-191.93,-256.00,3.73,6.43,0.16,-191.93,-256.00,0.00,-0.58,4.45 
1747830171.82,0,-191.98,-255.55,3.45,4.56,0.27,-191.98,-255.55,0.00,-0.58,4.45 
1747830172.02,0,-192.12,-254.69,3.52,4.97,0.30,-192.12,-254.69,0.00,-0.59,4.44 
1747830172.12,0,-192.19,-254.29,3.49,6.84,0.29,-192.19,-254.29,0.00,-0.60,4.41 
1747830172.32,0,-192.33,-253.38,4.06,3.54,1.11,-192.33,-253.38,0.00,-0.61,4.43 
1747830172.52,0,-192.49,-252.45,3.66,3.73,0.28,-192.49,-252.45,0.00,-0.63,4.45 
1747830172.62,0,-192.55,-251.94,2.97,3.85,0.21,-192.55,-251.94,0.00,-0.63,4.48 
1747830172.72,0,-192.61,-251.46,2.97,4.20,0.14,-192.61,-251.46,0.00,-0.62,4.50 
1747830172.82,0,-192.69,-251.02,3.02,4.28,0.11,-192.69,-251.02,0.00,-0.63,4.49 
1747830172.92,0,-192.76,-250.53,6.53,3.38,1.44,-192.76,-250.53,0.00,-0.64,4.51 
1747830173.02,0,-192.83,-250.10,6.20,3.02,1.44,-192.83,-250.10,0.00,-0.64,4.50 
1747830173.22,0,-192.96,-249.21,4.17,4.12,0.97,-192.96,-249.21,0.00,-0.64,4.50 
1747830173.32,0,-192.98,-248.70,7.90,4.22,0.98,-192.98,-248.70,0.00,-0.62,4.52 
1747830173.42,0,-193.04,-248.20,3.63,7.46,0.22,-193.04,-248.20,0.00,-0.62,4.55 
1747830173.62,0,-193.20,-247.29,3.51,5.26,0.07,-193.20,-247.29,0.00,-0.63,4.55 
1747830174.12,0,-193.58,-244.83,5.23,3.65,1.22,-193.58,-244.83,0.00,-0.66,4.63 
1747830174.32,0,-193.79,-243.84,3.62,3.58,1.23,-193.79,-243.84,0.00,-0.70,4.66 
1747830174.42,0,-193.88,-243.32,3.95,4.08,0.57,-193.88,-243.32,0.00,-0.71,4.69 
1747830174.62,0,-194.11,-242.46,4.34,4.64,0.13,-194.11,-242.46,0.00,-0.75,4.65 
1747830174.72,0,-194.25,-241.93,4.81,7.00,0.99,-194.25,-241.93,0.00,-0.78,4.68 
1747830174.82,0,-194.41,-241.52,5.69,6.54,1.52,-194.41,-241.52,0.00,-0.82,4.65 
1747830175.02,0,-194.57,-240.60,4.62,4.85,1.08,-194.57,-240.60,0.00,-0.82,4.64 
1747830175.12,0,-194.60,-240.19,6.26,5.24,0.92,-194.60,-240.19,0.00,-0.80,4.62 
1747830175.22,0,-194.57,-239.63,9.82,4.97,1.10,-194.57,-239.63,0.00,-0.74,4.67 
1747830175.32,0,-194.54,-239.16,8.03,6.15,1.07,-194.54,-239.16,0.00,-0.69,4.67 
1747830175.42,0,-194.58,-238.66,3.64,6.63,0.25,-194.58,-238.66,0.00,-0.67,4.69 
1747830175.62,0,-194.65,-237.72,5.78,6.62,0.48,-194.65,-237.72,0.00,-0.64,4.69 
1747830175.72,0,-194.61,-237.30,7.77,7.43,0.48,-194.61,-237.30,0.00,-0.59,4.66 
1747830175.82,0,-194.58,-236.83,7.57,6.00,0.61,-194.58,-236.83,0.00,-0.54,4.66 
1747830176.02,0,-194.70,-235.93,6.67,5.48,0.26,-194.70,-235.93,0.00,-0.55,4.65 
1747830176.12,0,-194.75,-235.56,6.64,7.31,0.26,-194.75,-235.56,0.00,-0.55,4.60 
1747830176.32,0,-194.93,-234.66,6.76,3.93,0.40,-194.93,-234.66,0.00,-0.58,4.59 
1747830176.42,0,-195.10,-234.17,7.03,5.20,0.29,-195.10,-234.17,0.00,-0.64,4.61 
1747830176.72,0,-195.30,-232.70,3.17,5.73,0.21,-195.30,-232.70,0.00,-0.64,4.65 
1747830176.82,0,-195.39,-232.10,2.82,8.26,0.21,-195.39,-232.10,0.00,-0.65,4.71 
1747830176.92,0,-195.48,-231.44,7.23,3.28,1.44,-195.48,-231.44,0.00,-0.67,4.81 
1747830177.02,0,-195.55,-230.84,5.68,6.04,0.52,-195.55,-230.84,0.00,-0.67,4.86 
1747830177.12,0,-195.61,-230.32,5.12,4.50,0.52,-195.61,-230.32,0.00,-0.66,4.88 
1747830177.22,0,-195.69,-229.85,4.88,4.11,0.39,-195.69,-229.85,0.00,-0.67,4.87 
1747830177.32,0,-195.81,-229.34,5.50,5.06,0.29,-195.81,-229.34,0.00,-0.70,4.88 
1747830177.42,0,-195.95,-228.80,5.69,7.27,0.22,-195.95,-228.80,0.00,-0.73,4.91 
1747830177.72,0,-196.16,-227.29,3.07,5.87,0.12,-196.16,-227.29,0.00,-0.73,4.93 
1747830177.82,0,-196.23,-226.72,3.14,7.43,0.09,-196.23,-226.72,0.00,-0.72,4.96 
1747830177.92,0,-196.28,-226.17,3.16,6.53,0.16,-196.28,-226.17,0.00,-0.71,4.99 
1747830178.02,0,-196.33,-225.57,3.70,4.94,0.26,-196.33,-225.57,0.00,-0.70,5.04 
1747830178.12,0,-196.40,-224.98,2.91,7.74,0.14,-196.40,-224.98,0.00,-0.70,5.08 
1747830178.22,0,-196.43,-224.40,5.58,5.20,0.50,-196.43,-224.40,0.00,-0.68,5.11 
1747830178.32,0,-196.47,-223.83,5.77,4.64,0.75,-196.47,-223.83,0.00,-0.67,5.14 
1747830178.42,0,-196.55,-223.25,4.02,6.62,0.03,-196.55,-223.25,0.00,-0.68,5.18 
1747830178.62,0,-196.64,-222.17,7.46,3.99,1.13,-196.64,-222.17,0.00,-0.65,5.20 
1747830178.72,0,-196.72,-221.64,6.32,3.82,1.48,-196.72,-221.64,0.00,-0.66,5.20 
1747830178.82,0,-196.79,-221.07,8.42,3.53,1.47,-196.79,-221.07,0.00,-0.66,5.23 
1747830178.92,0,-196.85,-220.48,2.98,8.00,0.23,-196.85,-220.48,0.00,-0.66,5.26 
1747830179.02,0,-196.91,-219.89,3.13,6.50,0.17,-196.91,-219.89,0.00,-0.66,5.29 
1747830179.12,0,-196.97,-219.35,3.11,6.38,0.18,-196.97,-219.35,0.00,-0.65,5.30 
1747830179.32,0,-197.10,-218.28,2.89,6.16,0.18,-197.10,-218.28,0.00,-0.65,5.30 
1747830179.42,0,-197.17,-217.68,2.96,6.96,0.15,-197.17,-217.68,0.00,-0.65,5.33 
1747830179.62,0,-197.33,-216.48,2.82,7.92,0.22,-197.33,-216.48,0.00,-0.67,5.40 
1747830179.72,0,-197.40,-215.88,2.72,7.56,0.11,-197.40,-215.88,0.00,-0.67,5.43 
1747830179.82,0,-197.47,-215.30,2.74,6.52,0.13,-197.47,-215.30,0.00,-0.67,5.45 
1747830179.92,0,-197.55,-214.70,2.74,5.48,0.10,-197.55,-214.70,0.00,-0.68,5.47 
1747830180.02,0,-197.63,-214.13,2.64,5.65,0.13,-197.63,-214.13,0.00,-0.68,5.49 
1747830180.12,0,-197.70,-213.64,2.85,6.72,0.06,-197.70,-213.64,0.00,-0.69,5.46 
1747830180.22,0,-197.78,-213.12,3.01,5.46,0.07,-197.78,-213.12,0.00,-0.69,5.44 
1747830180.42,0,-197.91,-212.00,3.03,6.71,0.17,-197.91,-212.00,0.00,-0.69,5.46 
1747830180.72,0,-198.12,-210.38,2.99,5.79,0.16,-198.12,-210.38,0.00,-0.69,5.45 
1747830180.82,0,-198.19,-209.83,2.44,4.50,0.09,-198.19,-209.83,0.00,-0.69,5.45 
1747830180.92,0,-198.27,-209.16,2.87,6.31,0.18,-198.27,-209.16,0.00,-0.69,5.51 
1747830181.02,0,-198.34,-208.53,2.77,5.82,0.18,-198.34,-208.53,0.00,-0.70,5.55 
1747830181.12,0,-198.41,-207.98,2.70,5.07,0.09,-198.41,-207.98,0.00,-0.70,5.55 
1747830181.22,0,-198.48,-207.34,2.95,8.53,0.12,-198.48,-207.34,0.00,-0.70,5.59 
1747830181.32,0,-198.54,-206.76,3.05,6.23,0.02,-198.54,-206.76,0.00,-0.69,5.60 
1747830181.42,0,-198.60,-206.13,3.26,8.00,0.01,-198.60,-206.13,0.00,-0.68,5.63 
1747830181.52,0,-198.64,-205.55,6.46,3.33,1.47,-198.64,-205.55,0.00,-0.67,5.64 
1747830181.72,0,-198.74,-204.43,3.28,5.97,0.07,-198.74,-204.43,0.00,-0.66,5.64 
1747830181.82,0,-198.79,-203.86,3.33,7.49,0.06,-198.79,-203.86,0.00,-0.65,5.64 
1747830181.92,0,-198.80,-203.35,5.78,7.25,0.53,-198.80,-203.35,0.00,-0.62,5.61 
1747830182.12,0,-198.87,-202.23,7.98,4.68,1.03,-198.87,-202.23,0.00,-0.59,5.62 
1747830182.22,0,-198.90,-201.65,7.75,4.31,1.14,-198.90,-201.65,0.00,-0.58,5.62 
1747830182.42,0,-198.98,-200.54,9.96,4.83,1.30,-198.98,-200.54,0.00,-0.56,5.62 
1747830182.52,0,-199.01,-199.88,4.77,9.73,0.16,-199.01,-199.88,0.00,-0.55,5.66 
1747830182.62,0,-199.06,-199.19,4.53,11.93,0.16,-199.06,-199.19,0.00,-0.55,5.72 
1747830182.72,0,-199.02,-198.50,12.33,5.09,1.00,-199.02,-198.50,0.00,-0.50,5.78 
1747830182.82,0,-199.00,-197.86,11.11,5.41,1.01,-199.00,-197.86,0.00,-0.47,5.81 
1747830182.92,0,-198.99,-197.25,9.41,4.45,1.01,-198.99,-197.25,0.00,-0.44,5.82 
1747830183.22,0,-199.04,-195.56,10.95,6.95,1.31,-199.04,-195.56,0.00,-0.40,5.80 
1747830183.42,0,-199.08,-194.47,4.16,8.53,0.15,-199.08,-194.47,0.00,-0.38,5.76 
1747830183.52,0,-199.06,-193.83,9.21,3.95,0.85,-199.06,-193.83,0.00,-0.36,5.79 
1747830183.62,0,-199.01,-193.12,13.44,4.26,0.95,-199.01,-193.12,0.00,-0.31,5.86 
1747830183.72,0,-198.95,-192.50,11.76,5.74,1.02,-198.95,-192.50,0.00,-0.27,5.87 
1747830183.82,0,-198.89,-191.84,14.52,4.61,1.03,-198.89,-191.84,0.00,-0.23,5.90 
1747830183.92,0,-198.85,-191.25,12.96,4.55,1.03,-198.85,-191.25,0.00,-0.20,5.90 
1747830184.02,0,-198.76,-190.55,10.98,4.97,1.38,-198.76,-190.55,0.00,-0.14,5.96 
1747830184.12,0,-198.61,-189.84,14.05,6.49,0.86,-198.61,-189.84,0.00,-0.07,6.01 
1747830184.32,0,-198.53,-188.57,11.58,5.35,1.04,-198.53,-188.57,0.00,-0.02,6.05 
1747830184.42,0,-198.40,-187.97,11.81,5.76,0.76,-198.40,-187.97,0.00,0.04,6.05 
1747830184.52,0,-198.31,-187.38,12.35,5.71,0.82,-198.31,-187.38,0.00,0.09,6.04 
1747830184.62,0,-198.15,-186.75,16.36,6.62,0.96,-198.15,-186.75,0.00,0.16,6.05 
1747830184.72,0,-198.01,-186.15,13.55,7.42,0.72,-198.01,-186.15,0.00,0.22,6.05 
1747830184.82,0,-197.87,-185.55,14.80,7.71,0.83,-197.87,-185.55,0.00,0.28,6.05 
1747830184.92,0,-197.65,-184.90,15.18,8.24,0.83,-197.65,-184.90,0.00,0.37,6.07 
1747830185.02,0,-197.51,-184.26,13.39,6.28,0.96,-197.51,-184.26,0.00,0.42,6.09 
1747830185.12,0,-197.39,-183.70,11.87,7.74,0.68,-197.39,-183.70,0.00,0.46,6.06 
1747830185.22,0,-197.25,-183.11,15.25,7.79,0.77,-197.25,-183.11,0.00,0.50,6.06 
1747830185.32,0,-197.10,-182.45,16.00,5.20,0.78,-197.10,-182.45,0.00,0.55,6.08 
1747830185.52,0,-196.91,-181.29,13.06,5.53,0.89,-196.91,-181.29,0.00,0.59,6.05 
1747830185.72,0,-196.51,-179.97,14.53,6.46,0.80,-196.51,-179.97,0.00,0.72,6.10 
1747830185.82,0,-196.08,-179.24,16.80,4.84,0.50,-196.08,-179.24,0.00,0.89,6.16 
1747830185.92,0,-195.71,-178.56,14.86,6.05,0.46,-195.71,-178.56,0.00,1.02,6.19 
1747830186.22,0,-195.08,-176.71,12.10,10.74,1.16,-195.08,-176.71,0.00,1.18,6.19 
1747830186.42,0,-194.42,-175.44,17.57,8.35,0.71,-194.42,-175.44,0.00,1.37,6.21 
1747830186.52,0,-193.84,-174.82,16.81,6.23,0.23,-193.84,-174.82,0.00,1.59,6.21 
1747830186.72,0,-193.09,-173.61,17.37,10.66,0.81,-193.09,-173.61,0.00,1.79,6.19 
1747830186.82,0,-192.48,-172.98,16.51,10.36,0.81,-192.48,-172.98,0.00,2.00,6.19 
1747830186.92,0,-191.95,-172.44,16.52,7.66,0.31,-191.95,-172.44,0.00,2.16,6.16 
1747830187.02,0,-191.40,-171.88,18.73,8.63,0.45,-191.40,-171.88,0.00,2.32,6.13 
1747830187.12,0,-190.92,-171.40,16.19,10.01,0.52,-190.92,-171.40,0.00,2.44,6.07 
1747830187.22,0,-190.51,-170.94,14.53,9.35,0.52,-190.51,-170.94,0.00,2.52,6.00 
1747830187.52,0,-189.36,-169.36,19.51,10.51,0.20,-189.36,-169.36,0.00,2.71,5.89 
1747830187.62,0,-188.76,-168.96,18.76,9.55,0.19,-188.76,-168.96,0.00,2.86,5.80 
1747830187.72,0,-188.25,-168.58,17.89,7.93,0.20,-188.25,-168.58,0.00,2.97,5.70 
1747830188.02,0,-186.83,-167.13,21.74,10.85,0.21,-186.83,-167.13,0.00,3.23,5.58 
1747830188.12,0,-186.12,-166.84,21.59,9.58,0.08,-186.12,-166.84,0.00,3.41,5.45 
1747830188.22,0,-185.48,-166.50,6.59,20.45,1.57,-185.48,-166.50,0.00,3.55,5.35 
1747830188.32,0,-184.93,-166.14,7.51,19.18,1.50,-184.93,-166.14,0.00,3.65,5.26 
1747830188.42,0,-184.40,-165.79,8.04,19.24,1.49,-184.40,-165.79,0.00,3.73,5.18 
1747830188.62,0,-183.44,-165.04,10.35,22.46,1.41,-183.44,-165.04,0.00,3.84,5.04 
1747830188.72,0,-182.87,-164.86,11.75,23.14,1.32,-182.87,-164.86,0.00,3.93,4.88 
1747830188.82,0,-182.26,-164.69,11.25,23.65,1.32,-182.26,-164.69,0.00,4.04,4.72 
1747830188.92,0,-181.51,-164.48,11.40,22.80,1.53,-181.51,-164.48,0.00,4.21,4.59 
1747830189.12,0,-180.36,-163.98,10.60,22.73,1.06,-180.36,-163.98,0.00,4.36,4.39 
1747830189.32,0,-179.09,-163.48,20.71,14.30,0.08,-179.09,-163.48,0.00,4.55,4.20 
1747830189.42,0,-178.31,-163.38,20.76,13.32,0.05,-178.31,-163.38,0.00,4.71,4.04 
1747830189.52,0,-177.56,-163.40,8.82,23.34,1.08,-177.56,-163.40,0.00,4.85,3.84 
1747830189.62,0,-176.85,-163.37,8.32,22.38,0.92,-176.85,-163.37,0.00,4.96,3.67 
1747830189.72,0,-176.09,-163.42,9.89,23.16,1.05,-176.09,-163.42,0.00,5.09,3.46 
1747830189.82,0,-175.35,-163.47,10.34,23.29,1.09,-175.35,-163.47,0.00,5.20,3.27 
1747830189.92,0,-174.55,-163.49,10.91,21.34,1.18,-174.55,-163.49,0.00,5.34,3.11 
1747830190.02,0,-173.78,-163.54,8.43,23.35,0.89,-173.78,-163.54,0.00,5.45,2.93 
1747830190.22,0,-172.45,-163.40,7.66,23.15,0.73,-172.45,-163.40,0.00,5.56,2.72 
1747830190.42,0,-171.11,-163.39,7.84,24.09,0.69,-171.11,-163.39,0.00,5.67,2.46 
1747830190.92,0,-167.90,-163.63,9.50,25.83,0.57,-167.90,-163.63,0.00,5.84,1.81 
1747830191.12,0,-166.45,-164.69,8.99,23.53,0.49,-166.45,-164.69,0.00,5.97,1.16 
1747830191.22,0,-165.75,-165.09,5.40,23.34,0.39,-165.75,-165.09,0.00,6.01,0.91 
1747830191.32,0,-165.09,-165.49,6.83,24.06,0.39,-165.09,-165.49,0.00,6.04,0.67 
1747830191.42,0,-164.46,-165.96,7.97,23.56,0.44,-164.46,-165.96,0.00,6.06,0.42 
1747830191.62,0,-163.26,-166.44,7.25,22.47,0.32,-163.26,-166.44,0.00,6.05,0.15 
1747830191.72,0,-162.69,-166.94,6.14,22.73,0.21,-162.69,-166.94,0.00,6.04,-0.10 
1747830191.82,0,-162.13,-167.48,6.64,23.05,0.22,-162.13,-167.48,0.00,6.01,-0.36 
1747830191.92,0,-161.60,-167.99,6.90,22.90,0.27,-161.60,-167.99,0.00,5.98,-0.59 
1747830192.02,0,-161.08,-168.45,6.90,22.19,0.14,-161.08,-168.45,0.00,5.94,-0.78 
1747830192.22,0,-160.02,-169.07,7.78,22.64,0.14,-160.02,-169.07,0.00,5.88,-1.01 
1747830192.52,0,-158.76,-170.79,22.02,5.98,1.51,-158.76,-170.79,0.00,5.65,-1.66 
1747830192.72,0,-157.86,-171.62,23.21,6.74,1.38,-157.86,-171.62,0.00,5.53,-1.90 
1747830192.82,0,-157.56,-172.31,24.98,8.52,1.45,-157.56,-172.31,0.00,5.41,-2.14 
1747830195.02,0,-155.33,-186.46,21.82,11.89,1.13,-155.33,-186.46,0.00,2.28,-5.05 
1747830195.12,0,-155.54,-187.12,19.58,11.72,1.20,-155.54,-187.12,0.00,2.07,-5.12 
1747830195.22,0,-155.75,-187.73,17.28,13.33,1.45,-155.75,-187.73,0.00,1.87,-5.17 
1747830195.32,0,-155.92,-188.24,15.02,12.44,1.47,-155.92,-188.24,0.00,1.71,-5.16 
1747830195.42,0,-156.09,-188.87,17.07,12.13,1.47,-156.09,-188.87,0.00,1.54,-5.22 
1747830195.52,0,-156.25,-189.47,17.19,11.84,1.47,-156.25,-189.47,0.00,1.39,-5.26 
1747830195.62,0,-156.42,-190.06,17.84,12.16,1.47,-156.42,-190.06,0.00,1.24,-5.29 
1747830195.82,0,-156.52,-191.18,15.81,12.36,1.57,-156.52,-191.18,0.00,1.08,-5.31 
1747830195.92,0,-156.67,-191.84,20.46,8.65,1.49,-156.67,-191.84,0.00,0.96,-5.38 
1747830196.32,0,-156.59,-194.10,17.97,7.73,1.35,-156.59,-194.10,0.00,0.81,-5.43 
1747830196.72,0,-157.38,-197.48,19.30,6.63,1.08,-157.38,-197.48,0.00,0.32,-5.97 
1747830197.02,0,-157.62,-199.52,9.85,11.26,0.14,-157.62,-199.52,0.00,0.15,-6.09 
1747830197.12,0,-157.83,-200.47,8.09,16.43,0.06,-157.83,-200.47,0.00,0.04,-6.26 
1747830197.22,0,-158.17,-201.49,17.47,6.21,1.22,-158.17,-201.49,0.00,-0.12,-6.45 
1747830197.52,0,-158.45,-203.54,10.23,6.33,1.37,-158.45,-203.54,0.00,-0.24,-6.51 
1747830197.72,0,-158.70,-204.81,8.19,5.56,1.32,-158.70,-204.81,0.00,-0.34,-6.49 
1747830197.82,0,-159.05,-205.63,9.28,7.70,1.46,-159.05,-205.63,0.00,-0.50,-6.58 
1747830197.92,0,-159.33,-206.32,7.39,6.05,0.04,-159.33,-206.32,0.00,-0.61,-6.59 
1747830198.02,0,-159.58,-206.95,6.78,7.06,0.04,-159.58,-206.95,0.00,-0.70,-6.58 
1747830198.12,0,-159.72,-207.70,9.91,4.62,1.38,-159.72,-207.70,0.00,-0.74,-6.62 
1747830198.52,0,-160.15,-210.30,8.00,5.12,1.30,-160.15,-210.30,0.00,-0.80,-6.60 
1747830198.62,0,-160.47,-211.02,7.58,6.56,1.45,-160.47,-211.02,0.00,-0.92,-6.63 
1747830198.72,0,-160.61,-211.82,5.88,4.02,0.92,-160.61,-211.82,0.00,-0.94,-6.70 
1747830198.82,0,-160.79,-212.74,7.24,4.19,1.56,-160.79,-212.74,0.00,-0.99,-6.82 
1747830199.02,0,-161.10,-214.23,9.09,5.20,1.55,-161.10,-214.23,0.00,-1.04,-6.88 
1747830199.12,0,-161.22,-214.94,6.67,3.76,1.35,-161.22,-214.94,0.00,-1.05,-6.89 
1747830199.42,0,-161.66,-216.96,6.94,5.14,1.32,-161.66,-216.96,0.00,-1.11,-6.87 
1747830199.52,0,-161.79,-217.60,7.40,3.22,1.48,-161.79,-217.60,0.00,-1.12,-6.84 
1747830199.72,0,-161.96,-219.05,2.58,5.80,0.37,-161.96,-219.05,0.00,-1.09,-6.89 
1747830199.82,0,-162.03,-219.74,3.27,4.42,0.22,-162.03,-219.74,0.00,-1.08,-6.89 
1747830199.92,0,-162.10,-220.35,3.51,6.00,0.15,-162.10,-220.35,0.00,-1.06,-6.85 
1747830200.52,0,-162.81,-224.78,2.96,3.88,1.34,-162.81,-224.78,0.00,-1.09,-6.99 
1747830200.82,0,-163.12,-226.74,3.90,3.82,1.36,-163.12,-226.74,0.00,-1.08,-6.92 
1747830200.92,0,-163.13,-227.30,4.80,3.93,1.18,-163.13,-227.30,0.00,-1.03,-6.86 
1747830201.02,0,-163.16,-227.82,5.88,4.04,1.29,-163.16,-227.82,0.00,-0.99,-6.78 
1747830201.12,0,-163.25,-228.47,5.08,4.80,1.43,-163.25,-228.47,0.00,-0.99,-6.76 
1747830201.22,0,-163.34,-228.98,5.04,6.28,0.09,-163.34,-228.98,0.00,-0.99,-6.68 
1747830201.32,0,-163.44,-229.45,4.98,8.11,0.08,-163.44,-229.45,0.00,-0.99,-6.58 
1747830201.42,0,-163.55,-229.92,5.12,9.77,0.17,-163.55,-229.92,0.00,-0.99,-6.49 
1747830201.82,0,-163.82,-232.60,5.44,7.02,1.54,-163.82,-232.60,0.00,-0.93,-6.52 
1747830201.92,0,-163.90,-233.48,4.91,6.31,0.86,-163.90,-233.48,0.00,-0.92,-6.64 
1747830202.02,0,-163.96,-234.28,5.00,5.88,0.87,-163.96,-234.28,0.00,-0.91,-6.70 
1747830202.22,0,-164.13,-235.61,4.40,5.12,0.37,-164.13,-235.61,0.00,-0.90,-6.70 
1747830202.32,0,-164.19,-236.17,4.90,7.85,0.22,-164.19,-236.17,0.00,-0.89,-6.65 
1747830202.52,0,-164.34,-237.41,4.43,8.13,0.08,-164.34,-237.41,0.00,-0.87,-6.60 
1747830202.62,0,-164.43,-238.09,6.18,3.03,1.39,-164.43,-238.09,0.00,-0.87,-6.61 
1747830202.72,0,-164.49,-238.71,8.21,3.31,1.48,-164.49,-238.71,0.00,-0.86,-6.59 
1747830202.82,0,-164.65,-239.47,6.30,4.38,0.65,-164.65,-239.47,0.00,-0.90,-6.64 
1747830202.92,0,-164.76,-240.13,5.35,3.35,1.48,-164.76,-240.13,0.00,-0.91,-6.64 
1747830203.12,0,-164.95,-241.54,6.84,3.31,1.26,-164.95,-241.54,0.00,-0.91,-6.68 
1747830203.22,0,-165.15,-242.28,8.61,4.70,1.26,-165.15,-242.28,0.00,-0.97,-6.72 
1747830203.42,0,-165.41,-243.64,9.68,4.76,1.43,-165.41,-243.64,0.00,-1.00,-6.73 
1747830203.52,0,-165.49,-244.34,3.33,7.39,0.02,-165.49,-244.34,0.00,-0.99,-6.74 
1747830203.62,0,-165.62,-244.96,7.90,3.82,1.55,-165.62,-244.96,0.00,-1.01,-6.71 
1747830203.72,0,-165.68,-245.62,6.94,4.17,1.42,-165.68,-245.62,0.00,-0.98,-6.71 
1747830203.82,0,-165.82,-246.34,6.06,4.30,1.41,-165.82,-246.34,0.00,-1.00,-6.73 
1747830203.92,0,-165.92,-246.99,3.75,6.32,0.21,-165.92,-246.99,0.00,-1.00,-6.72 
1747830204.12,0,-166.06,-248.37,6.52,4.77,1.40,-166.06,-248.37,0.00,-0.98,-6.74 
1747830204.22,0,-166.12,-249.04,6.55,4.51,1.39,-166.12,-249.04,0.00,-0.96,-6.73 
1747830204.32,0,-166.14,-249.79,9.20,4.47,1.55,-166.14,-249.79,0.00,-0.92,-6.77 
1747830204.42,0,-166.19,-250.61,4.02,9.28,0.02,-166.19,-250.61,0.00,-0.90,-6.84 
1747830204.52,0,-166.22,-251.32,4.37,6.52,0.02,-166.22,-251.32,0.00,-0.87,-6.85 
1747830204.62,0,-166.24,-252.01,4.75,5.36,0.04,-166.24,-252.01,0.00,-0.84,-6.86 
1747830204.72,0,-166.26,-252.66,4.47,5.31,0.13,-166.26,-252.66,0.00,-0.81,-6.84 
1747830204.82,0,-166.27,-253.41,8.47,5.03,1.54,-166.27,-253.41,0.00,-0.77,-6.87 
1747830204.92,0,-166.28,-254.11,7.86,4.83,1.53,-166.28,-254.11,0.00,-0.74,-6.88 
1747830205.02,0,-166.33,-254.82,5.76,3.96,1.54,-166.33,-254.82,0.00,-0.73,-6.89 
1747830205.22,0,-166.47,-256.13,6.40,4.12,1.31,-166.47,-256.13,0.00,-0.73,-6.86 
1747830205.52,0,-166.65,-258.26,3.59,7.98,0.13,-166.65,-258.26,0.00,-0.71,-6.89 
1747830205.62,0,-166.64,-258.94,4.60,6.77,0.14,-166.64,-258.94,0.00,-0.67,-6.89 
1747830205.82,0,-166.72,-260.27,4.72,4.20,0.04,-166.72,-260.27,0.00,-0.64,-6.86 
1747830205.92,0,-166.72,-260.86,4.75,5.94,0.05,-166.72,-260.86,0.00,-0.62,-6.82 
1747830206.02,0,-166.71,-261.43,5.20,7.69,0.03,-166.71,-261.43,0.00,-0.58,-6.76 
1747830206.32,0,-166.85,-263.31,9.01,3.05,1.45,-166.85,-263.31,0.00,-0.56,-6.69 
1747830206.42,0,-166.95,-263.90,6.18,3.71,1.23,-166.95,-263.90,0.00,-0.58,-6.66 
1747830206.52,0,-167.03,-264.61,3.27,2.36,0.12,-167.03,-264.61,0.00,-0.60,-6.68 
1747830206.62,0,-167.08,-265.28,2.85,2.20,0.14,-167.08,-265.28,0.00,-0.59,-6.68 
1747830206.72,0,-167.14,-265.89,2.85,2.79,0.16,-167.14,-265.89,0.00,-0.59,-6.65 
1747830206.82,0,-167.18,-266.51,2.89,3.47,0.16,-167.18,-266.51,0.00,-0.58,-6.63 
1747830206.92,0,-167.23,-267.08,2.95,4.31,0.09,-167.23,-267.08,0.00,-0.58,-6.58 
1747830207.02,0,-167.27,-267.64,4.15,4.16,1.55,-167.27,-267.64,0.00,-0.57,-6.53 
1747830207.12,0,-167.29,-268.16,5.55,4.01,1.55,-167.29,-268.16,0.00,-0.55,-6.47 
1747830207.22,0,-167.31,-268.69,8.56,3.79,1.55,-167.31,-268.69,0.00,-0.54,-6.41 
1747830207.32,0,-167.34,-269.27,6.41,3.56,1.45,-167.34,-269.27,0.00,-0.52,-6.38 
1747830207.42,0,-167.40,-269.86,5.80,3.21,1.53,-167.40,-269.86,0.00,-0.53,-6.36 
1747830207.62,0,-167.48,-271.09,5.25,3.27,1.56,-167.48,-271.09,0.00,-0.52,-6.33 
1747830207.72,0,-167.51,-271.64,7.13,3.17,1.39,-167.51,-271.64,0.00,-0.50,-6.29 
1747830207.82,0,-167.55,-272.20,7.79,3.01,1.39,-167.55,-272.20,0.00,-0.50,-6.26 
1747830207.92,0,-167.59,-272.86,4.81,3.47,1.54,-167.59,-272.86,0.00,-0.49,-6.28 
1747830208.02,0,-167.61,-273.47,5.03,3.80,1.55,-167.61,-273.47,0.00,-0.48,-6.27 
1747830208.42,0,-167.81,-275.92,6.08,3.27,1.54,-167.81,-275.92,0.00,-0.48,-6.24 
1747830208.52,0,-167.87,-276.50,6.65,3.28,1.29,-167.87,-276.50,0.00,-0.49,-6.22 
1747830208.62,0,-167.96,-277.17,4.16,2.60,0.02,-167.96,-277.17,0.00,-0.51,-6.24 
1747830208.72,0,-167.99,-277.81,3.90,3.08,0.25,-167.99,-277.81,0.00,-0.50,-6.25 
1747830208.82,0,-168.03,-278.39,4.52,3.46,1.55,-168.03,-278.39,0.00,-0.49,-6.23 
1747830209.42,0,-168.33,-282.20,2.83,1.40,0.11,-168.33,-282.20,0.00,-0.50,-6.26 
1747830209.62,0,-168.37,-283.32,2.99,1.71,0.72,-168.37,-283.32,0.00,-0.47,-6.20 
1747830209.72,0,-168.39,-283.85,3.17,2.07,0.11,-168.39,-283.85,0.00,-0.45,-6.16 
1747830209.82,0,-168.41,-284.37,3.57,2.32,1.51,-168.41,-284.37,0.00,-0.44,-6.11 
1747830209.92,0,-168.44,-284.85,4.16,2.52,1.51,-168.44,-284.85,0.00,-0.43,-6.04 
1747830210.02,0,-168.46,-285.32,4.91,2.66,1.33,-168.46,-285.32,0.00,-0.42,-5.97 
1747830210.12,0,-168.48,-285.80,5.62,2.85,1.47,-168.48,-285.80,0.00,-0.41,-5.90 
1747830210.22,0,-168.50,-286.34,3.67,4.97,0.01,-168.50,-286.34,0.00,-0.40,-5.88 
1747830210.32,0,-168.52,-286.86,3.79,4.23,0.06,-168.52,-286.86,0.00,-0.39,-5.84 
1747830210.42,0,-168.56,-287.38,4.85,3.38,1.57,-168.56,-287.38,0.00,-0.39,-5.81 
1747830210.52,0,-168.56,-287.86,4.12,5.93,0.06,-168.56,-287.86,0.00,-0.37,-5.75 
1747830210.62,0,-168.59,-288.50,8.37,3.10,1.45,-168.59,-288.50,0.00,-0.37,-5.78 
1747830210.72,0,-168.61,-289.07,6.09,3.20,1.45,-168.61,-289.07,0.00,-0.36,-5.78 
1747830210.82,0,-168.63,-289.61,7.03,3.13,1.45,-168.63,-289.61,0.00,-0.34,-5.76 
1747830210.92,0,-168.65,-290.10,7.41,2.69,1.48,-168.65,-290.10,0.00,-0.34,-5.72 
1747830211.02,0,-168.67,-290.53,8.75,2.75,1.51,-168.67,-290.53,0.00,-0.33,-5.64 
1747830211.12,0,-168.70,-291.03,5.23,2.76,1.49,-168.70,-291.03,0.00,-0.33,-5.61 
1747830211.22,0,-168.74,-291.52,5.94,3.08,1.49,-168.74,-291.52,0.00,-0.34,-5.57 
1747830211.32,0,-168.78,-292.05,7.64,2.95,1.39,-168.78,-292.05,0.00,-0.34,-5.56 
1747830211.52,0,-168.86,-293.11,5.57,3.39,1.42,-168.86,-293.11,0.00,-0.34,-5.53 
1747830211.62,0,-168.92,-293.64,5.05,3.79,1.50,-168.92,-293.64,0.00,-0.36,-5.52 
1747830211.82,0,-169.02,-294.64,3.68,6.35,0.05,-169.02,-294.64,0.00,-0.37,-5.47 
1747830211.92,0,-169.04,-295.15,3.21,3.53,0.10,-169.04,-295.15,0.00,-0.36,-5.45 
1747830212.02,0,-169.07,-295.65,3.01,5.20,0.04,-169.07,-295.65,0.00,-0.36,-5.43 
1747830212.12,0,-169.08,-296.10,7.84,3.10,1.40,-169.08,-296.10,0.00,-0.35,-5.38 
1747830212.42,0,-169.18,-297.62,7.00,3.06,1.31,-169.18,-297.62,0.00,-0.35,-5.34 
1747830212.52,0,-169.22,-298.05,6.14,2.86,1.51,-169.22,-298.05,0.00,-0.35,-5.29 
1747830212.62,0,-169.26,-298.55,2.60,4.36,0.09,-169.26,-298.55,0.00,-0.35,-5.28 
1747830212.72,0,-169.27,-299.09,3.22,2.96,1.33,-169.27,-299.09,0.00,-0.34,-5.28 
1747830212.92,0,-169.31,-300.13,4.20,3.08,1.48,-169.31,-300.13,0.00,-0.32,-5.27 
1747830213.02,0,-169.32,-300.60,4.62,2.75,1.43,-169.32,-300.60,0.00,-0.31,-5.24 
1747830213.12,0,-169.34,-301.10,2.92,3.71,0.09,-169.34,-301.10,0.00,-0.31,-5.24 
1747830213.22,0,-169.35,-301.60,3.11,4.55,0.09,-169.35,-301.60,0.00,-0.30,-5.22 
1747830213.32,0,-169.36,-302.06,3.24,4.57,0.07,-169.36,-302.06,0.00,-0.29,-5.19 
1747830213.42,0,-169.36,-302.51,5.14,3.40,1.48,-169.36,-302.51,0.00,-0.27,-5.16 
1747830213.62,0,-169.42,-303.61,7.58,3.31,1.52,-169.42,-303.61,0.00,-0.28,-5.19 
1747830213.72,0,-169.46,-304.15,7.38,3.60,1.53,-169.46,-304.15,0.00,-0.28,-5.20 
1747830213.82,0,-169.51,-304.70,3.45,6.86,0.18,-169.51,-304.70,0.00,-0.30,-5.21 
1747830213.92,0,-169.56,-305.21,2.74,6.28,0.27,-169.56,-305.21,0.00,-0.30,-5.21 
1747830214.02,0,-169.59,-305.66,2.94,7.51,0.28,-169.59,-305.66,0.00,-0.31,-5.18 
1747830214.12,0,-169.62,-306.09,2.89,6.42,0.23,-169.62,-306.09,0.00,-0.30,-5.13 
1747830214.22,0,-169.64,-306.52,3.19,6.96,0.12,-169.64,-306.52,0.00,-0.30,-5.10 
1747830214.32,0,-169.66,-306.96,2.38,6.13,0.01,-169.66,-306.96,0.00,-0.29,-5.06 
1747830214.52,0,-169.71,-307.83,3.15,7.67,0.17,-169.71,-307.83,0.00,-0.29,-4.99 
1747830214.62,0,-169.75,-308.22,2.95,7.16,0.29,-169.75,-308.22,0.00,-0.30,-4.94 
1747830214.72,0,-169.76,-308.70,6.79,3.17,1.46,-169.76,-308.70,0.00,-0.28,-4.93 
1747830214.82,0,-169.79,-309.23,5.06,2.64,1.46,-169.79,-309.23,0.00,-0.29,-4.95 
1747830215.02,0,-169.84,-310.17,2.83,5.20,0.11,-169.84,-310.17,0.00,-0.28,-4.93 
1747830215.12,0,-169.84,-310.60,4.48,3.33,1.42,-169.84,-310.60,0.00,-0.27,-4.90 
1747830215.22,0,-169.90,-311.05,2.78,4.63,0.81,-169.90,-311.05,0.00,-0.29,-4.88 
1747830215.32,0,-169.91,-311.52,3.59,3.05,0.02,-169.91,-311.52,0.00,-0.28,-4.87 
1747830215.42,0,-169.92,-312.00,3.57,3.76,0.03,-169.92,-312.00,0.00,-0.27,-4.87 
1747830215.52,0,-169.93,-312.42,3.67,5.74,0.02,-169.93,-312.42,0.00,-0.26,-4.84 
1747830215.62,0,-169.92,-312.86,4.01,5.34,0.08,-169.92,-312.86,0.00,-0.24,-4.81 
1747830215.72,0,-169.91,-313.31,3.78,6.67,0.13,-169.91,-313.31,0.00,-0.23,-4.80 
1747830215.82,0,-169.91,-313.78,3.52,5.30,0.13,-169.91,-313.78,0.00,-0.22,-4.80 
1747830215.92,0,-169.90,-314.23,3.87,4.96,0.12,-169.90,-314.23,0.00,-0.20,-4.78 
1747830216.02,0,-169.88,-314.67,5.01,3.27,1.40,-169.88,-314.67,0.00,-0.18,-4.76 
1747830216.22,0,-169.86,-315.54,4.53,4.50,0.16,-169.86,-315.54,0.00,-0.16,-4.73 
1747830216.32,0,-169.82,-315.97,4.60,5.79,0.16,-169.82,-315.97,0.00,-0.13,-4.71 
1747830216.42,0,-169.77,-316.46,4.74,3.73,0.28,-169.77,-316.46,0.00,-0.10,-4.71 
1747830216.52,0,-169.72,-316.85,4.75,4.99,0.17,-169.72,-316.85,0.00,-0.07,-4.67 
1747830216.62,0,-169.66,-317.26,5.33,3.82,0.26,-169.66,-317.26,0.00,-0.04,-4.65 
1747830216.72,0,-169.61,-317.70,4.52,3.92,0.08,-169.61,-317.70,0.00,-0.01,-4.63 
1747830217.02,0,-169.53,-319.01,5.38,4.87,0.35,-169.53,-319.01,0.00,0.03,-4.60 
1747830217.12,0,-169.46,-319.38,4.77,5.78,0.16,-169.46,-319.38,0.00,0.06,-4.56 
1747830217.22,0,-169.36,-319.84,4.92,3.09,0.33,-169.36,-319.84,0.00,0.10,-4.56 
1747830217.32,0,-169.27,-320.27,4.81,3.23,0.33,-169.27,-320.27,0.00,0.14,-4.55 
1747830217.52,0,-169.14,-321.14,5.29,5.82,0.33,-169.14,-321.14,0.00,0.19,-4.53 
1747830217.62,0,-169.01,-321.56,5.60,4.98,0.24,-169.01,-321.56,0.00,0.24,-4.51 
1747830218.22,0,-168.73,-324.44,3.39,6.03,1.29,-168.73,-324.44,0.00,0.30,-4.59 
1747830218.32,0,-168.57,-324.91,1.90,6.02,1.38,-168.57,-324.91,0.00,0.36,-4.59 
1747830218.42,0,-168.64,-325.51,5.92,3.74,0.35,-168.64,-325.51,0.00,0.31,-4.66 
1747830218.62,0,-168.48,-326.54,4.26,8.22,0.38,-168.48,-326.54,0.00,0.36,-4.71 
1747830218.72,0,-168.32,-326.97,5.39,6.35,0.39,-168.32,-326.97,0.00,0.42,-4.68 
1747830218.82,0,-168.18,-327.36,5.31,6.76,0.47,-168.18,-327.36,0.00,0.47,-4.65 
1747830219.11,0,-167.85,-328.56,6.89,5.60,0.58,-167.85,-328.56,0.00,0.57,-4.55 
1747830219.31,0,-167.48,-329.26,7.68,5.13,0.52,-167.48,-329.26,0.00,0.71,-4.44 
1747830219.41,0,-167.18,-329.59,6.13,3.99,0.05,-167.18,-329.59,0.00,0.83,-4.38 
1747830219.51,0,-166.95,-329.91,5.53,4.60,0.19,-166.95,-329.91,0.00,0.90,-4.32 
1747830219.62,0,-166.74,-330.25,5.12,3.55,0.30,-166.74,-330.25,0.00,0.96,-4.27 
1747830219.82,0,-166.47,-331.02,4.34,4.07,0.21,-166.47,-331.02,0.00,1.01,-4.22 
1747830219.92,0,-166.33,-331.42,3.13,3.14,0.06,-166.33,-331.42,0.00,1.02,-4.21 
1747830220.02,0,-166.21,-331.90,2.45,6.86,0.19,-166.21,-331.90,0.00,1.03,-4.24 
1747830220.32,0,-165.98,-333.14,4.84,3.66,1.46,-165.98,-333.14,0.00,0.99,-4.22 
1747830220.42,0,-165.95,-333.52,4.09,5.93,0.04,-165.95,-333.52,0.00,0.96,-4.21 
1747830220.52,0,-165.86,-333.86,3.01,6.01,0.06,-165.86,-333.86,0.00,0.96,-4.17 
1747830220.62,0,-165.81,-334.34,4.08,3.14,0.19,-165.81,-334.34,0.00,0.93,-4.20 
1747830220.81,0,-165.67,-335.20,3.71,4.07,0.19,-165.67,-335.20,0.00,0.91,-4.21 
1747830220.91,0,-165.62,-335.67,3.69,4.42,0.41,-165.62,-335.67,0.00,0.89,-4.23 
1747830221.11,0,-165.30,-336.47,5.21,5.97,0.59,-165.30,-336.47,0.00,0.96,-4.21 
1747830221.21,0,-165.04,-336.87,3.27,7.97,1.38,-165.04,-336.87,0.00,1.04,-4.20 
1747830221.31,0,-164.79,-337.21,4.43,7.84,1.37,-164.79,-337.21,0.00,1.11,-4.16 
1747830221.41,0,-164.54,-337.53,6.19,4.67,0.65,-164.54,-337.53,0.00,1.18,-4.11 
1747830221.51,0,-164.28,-337.91,5.61,5.80,0.61,-164.28,-337.91,0.00,1.25,-4.10 
1747830221.92,0,-163.75,-339.67,5.45,3.03,1.20,-163.75,-339.67,0.00,1.26,-4.15 
1747830222.12,0,-163.43,-340.63,3.32,4.54,0.19,-163.43,-340.63,0.00,1.30,-4.21 
1747830222.22,0,-163.22,-341.07,3.26,3.98,0.58,-163.22,-341.07,0.00,1.33,-4.22 
1747830222.51,0,-162.64,-342.50,3.41,4.85,0.41,-162.64,-342.50,0.00,1.42,-4.31 
1747830224.02,0,-159.78,-349.35,3.42,3.48,0.07,-159.78,-349.35,0.00,1.65,-4.41 
1747830224.12,0,-159.52,-349.93,2.87,3.64,0.45,-159.52,-349.93,0.00,1.69,-4.47 
1747830224.22,0,-159.23,-350.76,2.92,4.71,0.44,-159.23,-350.76,0.00,1.75,-4.66 
1747830224.32,0,-159.06,-351.35,3.08,7.99,0.21,-159.06,-351.35,0.00,1.75,-4.73 
1747830224.42,0,-158.95,-351.89,4.05,7.40,0.32,-158.95,-351.89,0.00,1.72,-4.77 
1747830224.52,0,-158.78,-352.31,3.16,6.77,0.31,-158.78,-352.31,0.00,1.71,-4.73 
1747830224.72,0,-158.48,-353.07,4.00,8.92,0.47,-158.48,-353.07,0.00,1.69,-4.62 
1747830224.82,0,-158.37,-353.35,3.97,9.23,0.58,-158.37,-353.35,0.00,1.66,-4.51 
1747830224.91,0,-158.04,-353.83,4.80,9.79,0.69,-158.04,-353.83,0.00,1.76,-4.53 
1747830225.01,0,-157.75,-354.23,4.87,8.26,0.70,-157.75,-354.23,0.00,1.82,-4.50 
1747830225.11,0,-157.49,-354.60,5.15,6.64,0.71,-157.49,-354.60,0.00,1.87,-4.45 
1747830225.21,0,-157.23,-354.93,5.47,7.48,0.66,-157.23,-354.93,0.00,1.91,-4.38 
1747830225.31,0,-157.01,-355.25,5.02,7.49,0.52,-157.01,-355.25,0.00,1.93,-4.31 
1747830225.52,0,-156.67,-356.03,6.82,3.42,1.50,-156.67,-356.03,0.00,1.91,-4.26 
1747830225.62,0,-156.43,-356.59,3.19,11.25,0.40,-156.43,-356.59,0.00,1.93,-4.33 
1747830225.72,0,-156.20,-357.07,3.46,8.95,0.43,-156.20,-357.07,0.00,1.96,-4.36 
1747830225.82,0,-155.92,-357.55,3.99,7.60,0.53,-155.92,-357.55,0.00,2.00,-4.39 
1747830225.92,0,-155.67,-357.96,4.40,6.16,0.53,-155.67,-357.96,0.00,2.03,-4.37 
1747830226.02,0,-155.46,-358.32,4.26,7.38,0.53,-155.46,-358.32,0.00,2.03,-4.33 
1747830226.12,0,-155.28,-358.65,3.81,7.56,0.49,-155.28,-358.65,0.00,2.02,-4.27 
1747830226.21,0,-155.08,-359.08,3.27,7.21,0.32,-155.08,-359.08,0.00,2.02,-4.28 
1747830226.31,0,-154.86,-359.45,3.94,7.34,0.51,-154.86,-359.45,0.00,2.03,-4.24 
1747830226.42,0,-154.64,-359.82,3.81,8.24,0.48,-154.64,-359.82,0.00,2.04,-4.21 
1747830226.62,0,-154.19,-360.69,3.40,8.39,0.39,-154.19,-360.69,0.00,2.06,-4.23 
1747830226.82,0,-153.78,-361.55,2.95,5.59,0.27,-153.78,-361.55,0.00,2.06,-4.23 
1747830227.02,0,-153.38,-362.36,2.54,5.22,0.45,-153.38,-362.36,0.00,2.06,-4.22 
1747830227.12,0,-153.14,-362.81,3.09,6.36,0.45,-153.14,-362.81,0.00,2.07,-4.23 
1747830227.42,0,-152.52,-364.16,3.04,7.18,0.25,-152.52,-364.16,0.00,2.07,-4.27 
1747830227.62,0,-152.07,-365.12,2.45,7.34,0.34,-152.07,-365.12,0.00,2.09,-4.32 
1747830227.72,0,-151.82,-365.65,2.93,9.61,0.33,-151.82,-365.65,0.00,2.11,-4.36 
1747830227.82,0,-151.57,-366.09,3.52,8.12,0.34,-151.57,-366.09,0.00,2.12,-4.37 
1747830227.92,0,-151.34,-366.45,4.05,8.88,0.30,-151.34,-366.45,0.00,2.13,-4.33 
1747830228.01,0,-151.13,-366.82,3.61,7.84,0.25,-151.13,-366.82,0.00,2.13,-4.30 
1747830228.11,0,-150.93,-367.21,3.46,8.78,0.25,-150.93,-367.21,0.00,2.12,-4.28 
1747830228.42,0,-150.36,-368.45,3.33,8.69,0.17,-150.36,-368.45,0.00,2.09,-4.26 
1747830228.52,0,-150.23,-368.89,3.78,8.62,0.04,-150.23,-368.89,0.00,2.05,-4.26 
1747830228.62,0,-150.12,-369.43,4.32,8.46,0.06,-150.12,-369.43,0.00,2.01,-4.32 
1747830228.82,0,-149.77,-370.34,3.98,8.97,0.21,-149.77,-370.34,0.00,1.98,-4.34 
1747830228.92,0,-149.59,-370.75,3.20,7.71,0.56,-149.59,-370.75,0.00,1.98,-4.33 
1747830229.02,0,-149.37,-371.19,3.42,10.38,0.57,-149.37,-371.19,0.00,1.99,-4.34 
1747830229.11,0,-149.24,-371.63,4.69,9.16,0.26,-149.24,-371.63,0.00,1.96,-4.34 
1747830229.21,0,-149.07,-372.05,3.19,8.15,0.27,-149.07,-372.05,0.00,1.94,-4.33 
1747830229.31,0,-148.91,-372.45,3.28,9.78,0.39,-148.91,-372.45,0.00,1.93,-4.32 
1747830229.41,0,-148.73,-372.83,2.99,9.00,0.40,-148.73,-372.83,0.00,1.92,-4.29 
1747830229.72,0,-148.16,-374.09,3.43,7.47,0.57,-148.16,-374.09,0.00,1.92,-4.28 
1747830229.92,0,-147.73,-375.06,2.99,10.56,0.16,-147.73,-375.06,0.00,1.94,-4.33 
1747830230.02,0,-147.52,-375.54,3.02,8.92,0.10,-147.52,-375.54,0.00,1.95,-4.35 
1747830230.12,0,-147.37,-375.95,3.68,8.65,0.09,-147.37,-375.95,0.00,1.93,-4.34 
1747830230.32,0,-147.01,-376.75,2.84,8.47,0.44,-147.01,-376.75,0.00,1.91,-4.31 
1747830230.42,0,-146.79,-377.27,2.27,11.80,0.29,-146.79,-377.27,0.00,1.92,-4.35 
1747830230.62,0,-146.42,-378.27,3.63,10.83,0.36,-146.42,-378.27,0.00,1.92,-4.42 
1747830230.82,0,-146.11,-379.16,3.72,9.08,0.35,-146.11,-379.16,0.00,1.88,-4.42 
1747830231.22,0,-145.45,-381.07,4.14,10.62,0.21,-145.45,-381.07,0.00,1.84,-4.49 
1747830231.32,0,-145.31,-381.59,3.26,11.70,0.27,-145.31,-381.59,0.00,1.82,-4.52 
1747830231.71,0,-144.62,-383.31,2.55,9.26,0.49,-144.62,-383.31,0.00,1.80,-4.48 
1747830231.92,0,-144.28,-384.13,2.54,10.24,0.21,-144.28,-384.13,0.00,1.79,-4.44 
1747830232.02,0,-144.15,-384.45,3.33,11.09,0.17,-144.15,-384.45,0.00,1.77,-4.38 
1747830232.12,0,-144.02,-384.86,3.59,13.42,0.22,-144.02,-384.86,0.00,1.75,-4.37 
1747830232.22,0,-143.85,-385.46,3.67,11.16,0.19,-143.85,-385.46,0.00,1.75,-4.45 
1747830232.32,0,-143.64,-386.00,3.68,11.97,0.42,-143.64,-386.00,0.00,1.76,-4.50 
1747830232.52,0,-143.27,-386.92,3.73,8.26,0.11,-143.27,-386.92,0.00,1.77,-4.51 
1747830232.62,0,-143.09,-387.35,3.75,8.63,0.11,-143.09,-387.35,0.00,1.77,-4.50 
1747830232.81,0,-142.75,-388.18,3.80,10.16,0.26,-142.75,-388.18,0.00,1.77,-4.46 
1747830233.02,0,-142.43,-388.97,4.11,11.96,0.04,-142.43,-388.97,0.00,1.75,-4.41 
1747830233.12,0,-142.23,-389.50,3.89,12.12,0.21,-142.23,-389.50,0.00,1.76,-4.45 
1747830233.22,0,-142.04,-389.97,4.19,11.09,0.18,-142.04,-389.97,0.00,1.77,-4.47 
1747830233.42,0,-141.63,-390.84,5.05,12.79,0.73,-141.63,-390.84,0.00,1.80,-4.45 
1747830233.52,0,-141.44,-391.18,5.25,13.91,0.72,-141.44,-391.18,0.00,1.80,-4.40 
1747830233.62,0,-141.23,-391.53,5.67,12.50,0.70,-141.23,-391.53,0.00,1.81,-4.36 
1747830233.81,0,-140.71,-392.52,4.62,12.95,0.41,-140.71,-392.52,0.00,1.89,-4.42 
1747830234.02,0,-140.23,-393.43,4.19,9.99,0.41,-140.23,-393.43,0.00,1.94,-4.43 
1747830234.12,0,-139.95,-393.90,4.05,7.95,0.41,-139.95,-393.90,0.00,1.98,-4.44 
1747830234.32,0,-139.46,-394.86,3.84,9.91,0.41,-139.46,-394.86,0.00,2.03,-4.47 
1747830234.42,0,-139.16,-395.40,3.74,12.42,0.41,-139.16,-395.40,0.00,2.07,-4.52 
1747830234.52,0,-138.98,-395.91,4.57,9.84,0.26,-138.98,-395.91,0.00,2.06,-4.55 
1747830234.62,0,-138.80,-396.38,4.70,8.76,0.16,-138.80,-396.38,0.00,2.05,-4.56 
1747830234.82,0,-138.41,-397.25,4.77,10.94,0.83,-138.41,-397.25,0.00,2.04,-4.53 
1747830234.82,4,-140.18,-384.51,5.95,1.97,1.52,-140.18,-384.51,0.00,1.79,-4.27 
1747830234.92,0,-138.23,-397.61,5.34,12.23,0.79,-138.23,-397.61,0.00,2.03,-4.49 
1747830234.92,4,-140.05,-384.90,5.50,2.32,1.52,-140.05,-384.90,0.00,1.77,-4.26 
1747830235.12,0,-137.77,-398.48,3.94,8.71,0.44,-137.77,-398.48,0.00,2.05,-4.48 
1747830235.12,4,-139.63,-386.01,4.73,4.90,0.08,-139.63,-386.01,0.00,1.80,-4.37 
1747830235.22,0,-137.55,-398.93,2.99,7.92,0.22,-137.55,-398.93,0.00,2.06,-4.48 
1747830235.22,4,-139.38,-386.60,3.25,12.61,0.08,-139.38,-386.60,0.00,1.83,-4.44 
1747830235.32,0,-137.34,-399.38,2.63,9.57,0.22,-137.34,-399.38,0.00,2.06,-4.48 
1747830235.32,4,-139.19,-387.06,10.60,2.82,1.54,-139.19,-387.06,0.00,1.83,-4.45 
1747830235.42,0,-137.12,-399.80,3.33,10.50,0.39,-137.12,-399.80,0.00,2.07,-4.47 
1747830235.42,4,-139.01,-387.52,9.89,2.84,1.54,-139.01,-387.52,0.00,1.83,-4.45 
1747830235.52,0,-136.91,-400.17,3.26,12.51,0.49,-136.91,-400.17,0.00,2.07,-4.43 
1747830235.52,4,-138.81,-387.89,11.14,1.61,1.54,-138.81,-387.89,0.00,1.84,-4.42 
1747830235.62,0,-136.68,-400.61,3.10,10.57,0.46,-136.68,-400.61,0.00,2.08,-4.43 
1747830235.62,4,-138.58,-388.16,11.22,2.20,1.46,-138.58,-388.16,0.00,1.86,-4.34 
1747830235.72,0,-136.47,-400.98,3.17,12.10,0.47,-136.47,-400.98,0.00,2.08,-4.39 
1747830235.72,4,-138.38,-388.48,10.45,1.98,1.47,-138.38,-388.48,0.00,1.87,-4.29 
1747830235.82,0,-136.23,-401.47,3.46,9.40,0.33,-136.23,-401.47,0.00,2.10,-4.42 
1747830235.82,4,-138.21,-389.04,11.15,2.33,1.53,-138.21,-389.04,0.00,1.86,-4.35 
1747830235.92,0,-135.99,-401.98,3.31,9.28,0.20,-135.99,-401.98,0.00,2.11,-4.45 
1747830235.92,4,-138.04,-389.54,9.62,1.99,1.53,-138.04,-389.54,0.00,1.85,-4.38 
1747830236.02,0,-135.75,-402.46,3.38,9.68,0.20,-135.75,-402.46,0.00,2.12,-4.47 
1747830236.02,4,-137.89,-389.98,8.26,2.55,1.54,-137.89,-389.98,0.00,1.83,-4.38 
1747830236.12,0,-135.54,-402.92,3.43,8.73,0.13,-135.54,-402.92,0.00,2.13,-4.47 
1747830236.12,4,-137.65,-390.35,3.85,9.78,0.05,-137.65,-390.35,0.00,1.86,-4.35 
1747830236.22,0,-135.33,-403.39,7.98,3.49,1.57,-135.33,-403.39,0.00,2.12,-4.49 
1747830236.22,4,-137.42,-390.77,3.61,10.57,0.03,-137.42,-390.77,0.00,1.88,-4.34 
1747830236.32,0,-135.13,-403.92,7.35,5.49,0.31,-135.13,-403.92,0.00,2.12,-4.52 
1747830236.32,4,-137.22,-391.14,2.76,11.86,0.02,-137.22,-391.14,0.00,1.89,-4.31 
1747830236.42,0,-135.03,-403.82,7.07,9.32,0.19,-135.03,-403.82,0.00,2.07,-4.26 
1747830236.42,4,-137.03,-391.58,2.59,13.16,0.02,-137.03,-391.58,0.00,1.89,-4.31 
1747830236.52,0,-135.02,-403.72,7.23,12.22,0.20,-135.02,-403.72,0.00,1.97,-4.01 
1747830236.52,4,-136.84,-392.01,3.13,14.47,0.02,-136.84,-392.01,0.00,1.89,-4.31 
1747830236.82,0,-134.44,-404.96,5.69,9.70,0.77,-134.44,-404.96,0.00,1.96,-4.02 
1747830236.82,4,-136.16,-393.46,4.43,12.73,0.09,-136.16,-393.46,0.00,1.94,-4.39 
1747830236.92,0,-134.25,-405.41,5.06,11.73,0.77,-134.25,-405.41,0.00,1.96,-4.05 
1747830236.92,4,-135.88,-394.00,3.83,11.01,0.08,-135.88,-394.00,0.00,1.98,-4.43 
1747830237.12,0,-133.79,-406.38,10.85,4.89,1.53,-133.79,-406.38,0.00,1.99,-4.12 
1747830237.32,0,-133.37,-407.28,3.47,9.67,0.06,-133.37,-407.28,0.00,2.00,-4.16 
1747830237.32,4,-134.95,-395.55,1.32,9.14,0.11,-134.95,-395.55,0.00,2.04,-4.33 
1747830237.62,0,-132.73,-408.58,3.64,9.35,0.43,-132.73,-408.58,0.00,2.02,-4.19 
1747830237.72,0,-132.48,-409.09,3.79,12.96,0.43,-132.48,-409.09,0.00,2.05,-4.23 
1747830237.82,0,-132.22,-409.61,3.82,13.70,0.43,-132.22,-409.61,0.00,2.07,-4.27 
1747830238.02,0,-131.70,-410.68,3.82,13.63,0.39,-131.70,-410.68,0.00,2.12,-4.38 
1747830238.02,4,-133.15,-400.33,1.57,11.27,0.08,-133.15,-400.33,0.00,2.19,-5.05 
1747830238.12,0,-131.45,-411.21,3.66,11.18,0.39,-131.45,-411.21,0.00,2.14,-4.42 
1747830238.12,4,-132.97,-400.97,2.24,8.70,0.08,-132.97,-400.97,0.00,2.17,-5.11 
1747830238.22,0,-131.21,-411.73,6.38,11.25,0.91,-131.21,-411.73,0.00,2.15,-4.46 
1747830238.22,4,-132.76,-401.51,0.48,7.03,0.06,-132.76,-401.51,0.00,2.17,-5.13 
1747830238.32,0,-130.99,-412.26,6.13,12.81,0.82,-130.99,-412.26,0.00,2.16,-4.50 
1747830238.52,0,-130.79,-412.86,6.58,15.20,0.35,-130.79,-412.86,0.00,2.04,-4.36 
1747830238.62,0,-130.69,-413.29,8.69,17.51,0.42,-130.69,-413.29,0.00,1.99,-4.35 
1747830238.72,0,-130.59,-413.68,8.36,18.71,0.42,-130.59,-413.68,0.00,1.95,-4.33 
1747830238.82,0,-130.48,-414.01,7.08,19.88,0.40,-130.48,-414.01,0.00,1.90,-4.28 
1747830238.91,0,-130.19,-414.57,6.73,11.53,0.04,-130.19,-414.57,0.00,1.95,-4.34 
1747830239.01,0,-129.92,-415.15,4.98,15.63,0.39,-129.92,-415.15,0.00,1.99,-4.42 
1747830239.11,0,-129.67,-415.71,4.89,14.76,0.41,-129.67,-415.71,0.00,2.02,-4.47 
1747830239.41,0,-128.98,-417.06,6.42,10.23,0.98,-128.98,-417.06,0.00,2.05,-4.48 
1747830239.51,0,-128.68,-417.61,5.49,14.49,0.82,-128.68,-417.61,0.00,2.10,-4.53 
1747830239.82,0,-128.00,-418.97,4.86,12.03,0.86,-128.00,-418.97,0.00,2.12,-4.53 
1747830239.92,0,-127.70,-419.44,5.51,14.31,0.81,-127.70,-419.44,0.00,2.17,-4.54 
1747830240.02,0,-127.28,-420.07,5.88,11.82,0.22,-127.28,-420.07,0.00,2.26,-4.62 
1747830240.12,0,-126.91,-420.66,5.00,12.58,0.22,-126.91,-420.66,0.00,2.33,-4.68 
1747830240.32,0,-126.35,-421.58,4.99,9.53,0.23,-126.35,-421.58,0.00,2.38,-4.68 
1747830240.42,0,-126.06,-422.01,4.49,9.92,0.23,-126.06,-422.01,0.00,2.41,-4.66 
1747830240.52,0,-125.73,-422.54,4.45,12.63,0.27,-125.73,-422.54,0.00,2.45,-4.69 
1747830240.62,0,-125.40,-423.16,4.01,13.89,0.19,-125.40,-423.16,0.00,2.49,-4.76 
1747830240.72,0,-125.09,-423.70,4.61,12.78,0.18,-125.09,-423.70,0.00,2.52,-4.80 
1747830240.82,0,-124.84,-424.22,4.51,11.59,0.09,-124.84,-424.22,0.00,2.52,-4.82 
1747830240.92,0,-124.57,-424.78,5.52,11.47,0.80,-124.57,-424.78,0.00,2.53,-4.85 
1747830241.21,0,-123.79,-426.19,4.95,10.93,0.80,-123.79,-426.19,0.00,2.54,-4.83 
1747830241.31,0,-123.64,-426.69,6.63,12.06,0.25,-123.64,-426.69,0.00,2.49,-4.84 
1747830241.51,0,-123.19,-427.74,5.73,12.15,0.53,-123.19,-427.74,0.00,2.47,-4.88 
1747830241.61,0,-122.99,-428.26,6.23,11.03,0.69,-122.99,-428.26,0.00,2.45,-4.90 
1747830241.72,0,-122.74,-428.79,5.63,12.40,0.72,-122.74,-428.79,0.00,2.44,-4.92 
1747830241.82,0,-122.48,-429.31,5.16,11.56,0.12,-122.48,-429.31,0.00,2.45,-4.93 
1747830241.92,0,-122.23,-429.77,4.95,11.45,0.09,-122.23,-429.77,0.00,2.45,-4.91 
1747830242.02,0,-122.00,-430.24,4.72,11.61,0.33,-122.00,-430.24,0.00,2.45,-4.90 
1747830242.12,0,-121.79,-430.66,5.17,11.76,0.36,-121.79,-430.66,0.00,2.43,-4.87 
1747830242.22,0,-121.58,-431.07,5.34,12.10,0.39,-121.58,-431.07,0.00,2.41,-4.83 
1747830242.32,0,-121.40,-431.44,5.51,13.97,0.39,-121.40,-431.44,0.00,2.38,-4.77 
1747830242.42,0,-121.21,-431.84,5.65,13.12,0.36,-121.21,-431.84,0.00,2.36,-4.73 
1747830242.52,0,-121.02,-432.22,5.79,13.42,0.36,-121.02,-432.22,0.00,2.34,-4.69 
1747830243.21,0,-119.15,-435.70,3.92,5.49,0.84,-119.15,-435.70,0.00,2.43,-4.77 
1747830243.31,0,-118.75,-436.43,4.25,6.35,0.02,-118.75,-436.43,0.00,2.50,-4.88 
1747830243.62,0,-117.89,-437.92,6.48,5.28,1.35,-117.89,-437.92,0.00,2.56,-4.90 
1747830243.72,0,-117.55,-438.51,4.57,10.09,0.48,-117.55,-438.51,0.00,2.60,-4.95 
1747830243.82,0,-117.22,-439.12,7.43,4.88,1.47,-117.22,-439.12,0.00,2.64,-5.01 
1747830243.92,0,-116.93,-439.67,7.23,4.12,1.52,-116.93,-439.67,0.00,2.65,-5.03 
1747830244.01,0,-116.67,-440.18,7.05,4.15,1.36,-116.67,-440.18,0.00,2.65,-5.04 
1747830244.12,0,-116.44,-440.64,8.24,5.59,1.28,-116.44,-440.64,0.00,2.63,-5.01 
1747830244.32,0,-115.91,-441.57,7.35,7.22,1.13,-115.91,-441.57,0.00,2.63,-4.97 
1747830244.42,0,-115.64,-442.20,6.43,11.65,0.46,-115.64,-442.20,0.00,2.63,-5.05 
1747830244.61,0,-115.16,-443.22,5.95,8.64,0.47,-115.16,-443.22,0.00,2.61,-5.05 
1747830244.71,0,-114.90,-443.66,4.44,8.17,0.31,-114.90,-443.66,0.00,2.61,-5.02 
1747830244.81,0,-114.68,-444.09,5.06,9.03,0.14,-114.68,-444.09,0.00,2.59,-4.98 
1747830244.91,0,-114.44,-444.52,9.32,4.63,1.54,-114.44,-444.52,0.00,2.58,-4.94 
1747830245.01,0,-114.18,-444.99,6.76,4.49,1.34,-114.18,-444.99,0.00,2.58,-4.93 
1747830245.21,0,-113.64,-445.94,6.75,7.37,1.02,-113.64,-445.94,0.00,2.59,-4.91 
1747830245.31,0,-113.34,-446.39,6.74,7.86,0.95,-113.34,-446.39,0.00,2.61,-4.89 
1747830245.71,0,-112.31,-448.26,3.73,9.07,0.08,-112.31,-448.26,0.00,2.60,-4.85 
1747830245.91,0,-111.83,-449.32,6.42,3.38,1.36,-111.83,-449.32,0.00,2.59,-4.89 
1747830246.01,0,-111.53,-449.88,6.20,5.63,1.16,-111.53,-449.88,0.00,2.60,-4.92 
1747830246.11,0,-111.30,-450.32,6.31,5.53,1.16,-111.30,-450.32,0.00,2.59,-4.90 
1747830246.21,0,-111.10,-450.86,7.66,4.69,0.99,-111.10,-450.86,0.00,2.56,-4.92 
1747830246.41,0,-110.59,-451.88,8.55,3.39,1.53,-110.59,-451.88,0.00,2.56,-4.94 
1747830246.61,0,-110.08,-452.95,4.88,9.87,0.42,-110.08,-452.95,0.00,2.56,-4.98 
1747830246.71,0,-109.87,-453.43,4.90,9.83,0.42,-109.87,-453.43,0.00,2.54,-4.97 
1747830246.81,0,-109.58,-453.98,3.69,8.94,0.47,-109.58,-453.98,0.00,2.56,-5.00 
1747830246.91,0,-109.31,-454.49,3.74,8.49,0.46,-109.31,-454.49,0.00,2.56,-5.00 
1747830247.11,0,-108.85,-455.38,3.66,9.49,0.43,-108.85,-455.38,0.00,2.54,-4.95 
1747830247.21,0,-108.59,-455.88,3.68,8.34,0.41,-108.59,-455.88,0.00,2.54,-4.95 
1747830247.31,0,-108.36,-456.38,4.28,9.05,0.29,-108.36,-456.38,0.00,2.53,-4.96 
1747830247.51,0,-107.87,-457.42,4.98,8.01,0.46,-107.87,-457.42,0.00,2.52,-4.98 
1747830247.61,0,-107.65,-457.90,4.94,8.20,0.31,-107.65,-457.90,0.00,2.50,-4.97 
1747830247.71,0,-107.44,-458.41,7.95,5.13,1.49,-107.44,-458.41,0.00,2.48,-4.98 
1747830247.81,0,-107.21,-458.95,7.49,4.02,1.49,-107.21,-458.95,0.00,2.48,-5.00 
1747830247.91,0,-106.98,-459.47,7.52,4.25,1.44,-106.98,-459.47,0.00,2.47,-5.01 
1747830248.01,0,-106.72,-460.01,5.18,7.74,0.54,-106.72,-460.01,0.00,2.47,-5.02 
1747830248.11,0,-106.49,-460.48,7.87,4.28,1.38,-106.49,-460.48,0.00,2.47,-5.01 
1747830248.21,0,-106.22,-460.94,7.30,4.79,1.08,-106.22,-460.94,0.00,2.48,-4.99 
1747830248.31,0,-106.00,-461.44,5.11,8.15,0.43,-106.00,-461.44,0.00,2.46,-4.99 
1747830248.51,0,-105.53,-462.46,5.05,9.49,0.39,-105.53,-462.46,0.00,2.45,-5.00 
1747830248.71,0,-105.07,-463.48,4.94,8.68,0.50,-105.07,-463.48,0.00,2.44,-5.01 
1747830249.01,0,-104.33,-465.03,4.14,9.07,0.37,-104.33,-465.03,0.00,2.44,-5.03 
1747830249.31,0,-103.47,-466.65,4.81,7.85,0.80,-103.47,-466.65,0.00,2.50,-5.08 
1747830249.41,0,-103.18,-467.16,5.25,6.38,0.76,-103.18,-467.16,0.00,2.52,-5.08 
1747830249.51,0,-102.85,-467.80,2.99,9.62,0.39,-102.85,-467.80,0.00,2.56,-5.15 
1747830249.61,0,-102.54,-468.37,3.09,8.23,0.42,-102.54,-468.37,0.00,2.58,-5.17 
1747830249.91,0,-101.74,-470.01,2.71,11.08,0.36,-101.74,-470.01,0.00,2.60,-5.21 
1747830250.01,0,-101.49,-470.53,2.88,8.74,0.34,-101.49,-470.53,0.00,2.59,-5.21 
1747830250.11,0,-101.23,-471.10,2.98,6.62,0.43,-101.23,-471.10,0.00,2.59,-5.24 
1747830250.31,0,-100.72,-472.15,3.03,8.37,0.43,-100.72,-472.15,0.00,2.59,-5.24 
1747830250.41,0,-100.47,-472.68,2.67,7.38,0.41,-100.47,-472.68,0.00,2.58,-5.24 
1747830250.51,0,-100.24,-473.16,2.63,7.16,0.40,-100.24,-473.16,0.00,2.57,-5.22 
1747830250.61,0,-99.98,-473.76,2.76,7.81,0.36,-99.98,-473.76,0.00,2.57,-5.26 
1747830250.91,0,-99.22,-475.35,3.03,9.37,0.39,-99.22,-475.35,0.00,2.56,-5.26 
1747830251.01,0,-98.98,-475.88,3.11,7.67,0.39,-98.98,-475.88,0.00,2.56,-5.27 
1747830251.11,0,-98.76,-476.37,3.12,8.52,0.41,-98.76,-476.37,0.00,2.54,-5.25 
1747830251.21,0,-98.51,-477.00,3.27,9.84,0.34,-98.51,-477.00,0.00,2.54,-5.30 
1747830251.41,0,-98.07,-478.01,3.61,9.00,0.34,-98.07,-478.01,0.00,2.51,-5.28 
1747830251.51,0,-97.85,-478.54,3.10,7.21,0.34,-97.85,-478.54,0.00,2.49,-5.28 
1747830251.61,0,-97.64,-479.09,3.32,6.68,0.34,-97.64,-479.09,0.00,2.47,-5.29 
1747830251.81,0,-97.20,-480.17,3.48,6.57,0.34,-97.20,-480.17,0.00,2.44,-5.30 
1747830251.91,0,-97.00,-480.71,3.42,6.16,0.36,-97.00,-480.71,0.00,2.42,-5.31 
1747830252.01,0,-96.81,-481.22,3.37,7.87,0.36,-96.81,-481.22,0.00,2.40,-5.30 
1747830252.41,0,-95.94,-483.28,3.18,8.15,0.36,-95.94,-483.28,0.00,2.36,-5.27 
1747830252.81,0,-95.06,-485.38,3.22,6.65,0.38,-95.06,-485.38,0.00,2.33,-5.27 
1747830252.91,0,-94.87,-486.09,6.74,1.90,1.32,-94.87,-486.09,0.00,2.31,-5.35 
1747830253.01,0,-94.66,-486.62,2.94,4.64,0.22,-94.66,-486.62,0.00,2.30,-5.35 
1747830253.11,0,-94.48,-487.16,3.49,6.23,0.01,-94.48,-487.16,0.00,2.27,-5.35 
1747830253.21,0,-94.33,-487.65,3.93,7.58,0.01,-94.33,-487.65,0.00,2.23,-5.33 
1747830253.31,0,-94.16,-488.12,3.38,8.14,0.30,-94.16,-488.12,0.00,2.21,-5.30 
1747830253.41,0,-93.97,-488.64,3.39,5.88,0.32,-93.97,-488.64,0.00,2.19,-5.29 
1747830253.51,0,-93.77,-489.13,2.40,6.64,0.36,-93.77,-489.13,0.00,2.18,-5.27 
1747830253.61,0,-93.57,-489.61,2.49,6.65,0.39,-93.57,-489.61,0.00,2.17,-5.25 
1747830253.71,0,-93.36,-490.11,2.62,6.95,0.36,-93.36,-490.11,0.00,2.17,-5.24 
1747830253.91,0,-92.95,-491.10,2.61,8.27,0.34,-92.95,-491.10,0.00,2.16,-5.21 
1747830254.01,0,-92.75,-491.60,2.81,8.48,0.33,-92.75,-491.60,0.00,2.15,-5.20 
1747830254.11,0,-92.60,-492.11,3.62,7.99,0.12,-92.60,-492.11,0.00,2.12,-5.19 
1747830254.21,0,-92.45,-492.60,3.41,8.24,0.12,-92.45,-492.60,0.00,2.08,-5.18 
1747830254.51,0,-91.84,-494.17,2.69,6.47,0.37,-91.84,-494.17,0.00,2.08,-5.19 
1747830254.71,0,-91.40,-495.36,2.48,8.14,0.15,-91.40,-495.36,0.00,2.09,-5.26 
1747830254.81,0,-91.19,-495.95,2.72,6.88,0.15,-91.19,-495.95,0.00,2.09,-5.29 
1747830255.11,0,-90.61,-497.49,2.84,7.26,0.29,-90.61,-497.49,0.00,2.07,-5.27 
1747830255.21,0,-90.44,-497.97,2.74,7.47,0.30,-90.44,-497.97,0.00,2.05,-5.25 
1747830255.31,0,-90.30,-498.56,5.96,2.89,1.46,-90.30,-498.56,0.00,2.02,-5.28 
1747830255.51,0,-89.99,-499.60,3.40,6.88,0.04,-89.99,-499.60,0.00,1.97,-5.27 
1747830255.61,0,-89.83,-500.09,2.67,8.00,0.20,-89.83,-500.09,0.00,1.95,-5.25 
1747830255.81,0,-89.48,-501.12,2.52,8.45,0.31,-89.48,-501.12,0.00,1.93,-5.24 
1747830255.91,0,-89.31,-501.66,2.30,6.26,0.29,-89.31,-501.66,0.00,1.92,-5.25 
1747830256.01,0,-89.16,-502.17,2.51,7.30,0.29,-89.16,-502.17,0.00,1.90,-5.24 
1747830256.21,0,-88.82,-503.27,2.52,6.93,0.15,-88.82,-503.27,0.00,1.88,-5.27 
1747830256.31,0,-88.67,-503.81,2.29,7.79,0.21,-88.67,-503.81,0.00,1.86,-5.27 
1747830256.41,0,-88.51,-504.43,2.28,6.49,0.24,-88.51,-504.43,0.00,1.85,-5.32 
1747830256.51,0,-88.32,-505.05,2.35,8.52,0.37,-88.32,-505.05,0.00,1.85,-5.36 
1747830256.61,0,-88.15,-505.62,2.29,7.39,0.37,-88.15,-505.62,0.00,1.85,-5.38 
1747830256.91,0,-87.63,-507.16,2.06,8.50,0.33,-87.63,-507.16,0.00,1.83,-5.34 
1747830257.01,0,-87.48,-507.64,2.00,8.80,0.32,-87.48,-507.64,0.00,1.81,-5.32 
1747830257.11,0,-87.34,-508.12,2.09,8.97,0.23,-87.34,-508.12,0.00,1.79,-5.29 
1747830257.21,0,-87.17,-508.69,1.76,7.00,0.08,-87.17,-508.69,0.00,1.79,-5.31 
1747830257.31,0,-87.01,-509.19,1.88,7.05,0.28,-87.01,-509.19,0.00,1.78,-5.30 
1747830257.51,0,-86.68,-510.23,1.97,6.55,0.28,-86.68,-510.23,0.00,1.77,-5.29 
1747830257.61,0,-86.52,-510.78,1.85,6.38,0.18,-86.52,-510.78,0.00,1.76,-5.30 
1747830258.01,0,-85.86,-512.85,1.93,8.09,0.29,-85.86,-512.85,0.00,1.74,-5.28 
1747830258.11,0,-85.69,-513.41,1.93,9.53,0.35,-85.69,-513.41,0.00,1.74,-5.29 
1747830258.21,0,-85.48,-514.09,1.93,8.95,0.38,-85.48,-514.09,0.00,1.76,-5.36 
1747830258.31,0,-85.28,-514.70,1.80,8.30,0.38,-85.28,-514.70,0.00,1.77,-5.40 
1747830258.41,0,-85.10,-515.27,1.69,8.41,0.38,-85.10,-515.27,0.00,1.77,-5.42 
1747830258.51,0,-84.93,-515.77,1.65,8.62,0.38,-84.93,-515.77,0.00,1.76,-5.40 
1747830258.61,0,-84.76,-516.30,1.74,9.17,0.34,-84.76,-516.30,0.00,1.76,-5.39 
1747830258.71,0,-84.57,-516.87,1.49,8.09,0.27,-84.57,-516.87,0.00,1.77,-5.40 
1747830258.91,0,-84.21,-517.97,1.63,7.92,0.21,-84.21,-517.97,0.00,1.77,-5.42 
1747830259.11,0,-83.85,-519.05,1.53,7.95,0.27,-83.85,-519.05,0.00,1.77,-5.41 
1747830259.21,0,-83.69,-519.58,1.60,7.04,0.27,-83.69,-519.58,0.00,1.77,-5.41 
1747830259.31,0,-83.52,-520.10,1.66,8.69,0.27,-83.52,-520.10,0.00,1.76,-5.40 
1747830259.41,0,-83.36,-520.60,1.69,10.24,0.28,-83.36,-520.60,0.00,1.75,-5.38 
1747830259.61,0,-83.03,-521.66,1.73,9.47,0.31,-83.03,-521.66,0.00,1.74,-5.37 
1747830259.71,0,-82.87,-522.17,1.63,9.21,0.34,-82.87,-522.17,0.00,1.74,-5.36 
1747830259.81,0,-82.70,-522.70,1.88,8.83,0.32,-82.70,-522.70,0.00,1.74,-5.36 
1747830260.01,0,-82.35,-523.77,1.62,6.23,0.21,-82.35,-523.77,0.00,1.74,-5.36 
1747830260.11,0,-82.19,-524.32,1.82,5.94,0.20,-82.19,-524.32,0.00,1.73,-5.36 
1747830260.21,0,-82.01,-524.88,1.67,8.90,0.27,-82.01,-524.88,0.00,1.73,-5.37 
1747830260.31,0,-81.83,-525.47,1.77,8.26,0.29,-81.83,-525.47,0.00,1.74,-5.40 
1747830260.41,0,-81.66,-526.03,1.78,8.34,0.29,-81.66,-526.03,0.00,1.73,-5.41 
1747830260.51,0,-81.50,-526.57,1.78,8.02,0.30,-81.50,-526.57,0.00,1.73,-5.40 
1747830260.61,0,-81.32,-527.12,1.33,8.20,0.34,-81.32,-527.12,0.00,1.73,-5.41 
1747830260.71,0,-81.15,-527.65,1.11,8.12,0.35,-81.15,-527.65,0.00,1.73,-5.41 
1747830260.81,0,-80.99,-528.17,1.36,9.79,0.27,-80.99,-528.17,0.00,1.73,-5.39 
1747830260.91,0,-80.80,-528.77,1.39,8.11,0.27,-80.80,-528.77,0.00,1.73,-5.42 
1747830261.01,0,-80.62,-529.33,1.41,8.14,0.28,-80.62,-529.33,0.00,1.74,-5.44 
1747830261.21,0,-80.29,-530.39,1.47,10.10,0.29,-80.29,-530.39,0.00,1.73,-5.42 
1747830261.31,0,-80.13,-530.90,1.49,9.05,0.29,-80.13,-530.90,0.00,1.72,-5.41 
1747830261.41,0,-79.98,-531.39,1.35,10.59,0.29,-79.98,-531.39,0.00,1.71,-5.38 
1747830261.51,0,-79.82,-531.89,1.37,9.37,0.29,-79.82,-531.89,0.00,1.71,-5.36 
1747830261.61,0,-79.64,-532.48,1.43,8.07,0.31,-79.64,-532.48,0.00,1.71,-5.39 
1747830261.81,0,-79.32,-533.51,1.40,8.74,0.30,-79.32,-533.51,0.00,1.70,-5.37 
1747830261.91,0,-79.16,-534.04,1.61,8.10,0.34,-79.16,-534.04,0.00,1.69,-5.36 
1747830262.11,0,-78.83,-535.07,1.40,9.29,0.34,-78.83,-535.07,0.00,1.69,-5.35 
1747830262.21,0,-78.63,-535.69,1.41,7.93,0.37,-78.63,-535.69,0.00,1.70,-5.38 
1747830262.31,0,-78.45,-536.26,1.49,7.35,0.36,-78.45,-536.26,0.00,1.71,-5.40 
1747830262.41,0,-78.27,-536.81,1.21,7.74,0.32,-78.27,-536.81,0.00,1.71,-5.41 
1747830262.61,0,-77.91,-537.95,1.54,7.10,0.23,-77.91,-537.95,0.00,1.72,-5.43 
1747830262.71,0,-77.74,-538.49,1.50,6.98,0.23,-77.74,-538.49,0.00,1.72,-5.43 
1747830262.81,0,-77.59,-538.97,1.58,8.49,0.23,-77.59,-538.97,0.00,1.71,-5.40 
1747830262.91,0,-77.44,-539.47,1.77,9.28,0.27,-77.44,-539.47,0.00,1.70,-5.38 
1747830263.11,0,-77.13,-540.51,1.71,9.20,0.32,-77.13,-540.51,0.00,1.69,-5.36 
1747830263.21,0,-76.97,-541.02,1.53,8.62,0.27,-76.97,-541.02,0.00,1.68,-5.35 
1747830263.41,0,-76.67,-542.04,1.83,10.23,0.31,-76.67,-542.04,0.00,1.67,-5.33 
1747830263.51,0,-76.52,-542.59,1.98,8.17,0.33,-76.52,-542.59,0.00,1.66,-5.34 
1747830263.61,0,-76.37,-543.08,1.69,10.10,0.29,-76.37,-543.08,0.00,1.65,-5.31 
1747830264.01,0,-75.71,-545.34,1.83,8.37,0.35,-75.71,-545.34,0.00,1.65,-5.38 
1747830264.21,0,-75.33,-546.80,1.90,6.75,0.50,-75.33,-546.80,0.00,1.67,-5.55 
1747830264.31,0,-75.13,-547.41,2.11,5.79,0.24,-75.13,-547.41,0.00,1.69,-5.58 
1747830264.41,0,-74.96,-547.95,2.09,5.65,0.30,-74.96,-547.95,0.00,1.69,-5.57 
1747830264.61,0,-74.64,-548.92,2.26,8.20,0.30,-74.64,-548.92,0.00,1.68,-5.50 
1747830265.01,0,-74.00,-550.92,1.47,9.89,0.24,-74.00,-550.92,0.00,1.67,-5.40 
1747830265.11,0,-73.79,-551.49,1.84,5.96,0.32,-73.79,-551.49,0.00,1.69,-5.42 
1747830265.51,0,-73.11,-553.54,1.89,8.87,0.27,-73.11,-553.54,0.00,1.69,-5.36 
1747830265.61,0,-72.92,-554.06,1.87,5.75,0.32,-72.92,-554.06,0.00,1.70,-5.35 
1747830265.81,0,-72.61,-554.93,1.82,8.51,0.32,-72.61,-554.93,0.00,1.68,-5.26 
1747830265.91,0,-72.45,-555.35,1.91,9.19,0.33,-72.45,-555.35,0.00,1.68,-5.20 
1747830266.01,0,-72.30,-555.74,2.02,11.09,0.35,-72.30,-555.74,0.00,1.67,-5.14 
1747830266.21,0,-71.96,-556.71,1.87,8.66,0.31,-71.96,-556.71,0.00,1.67,-5.11 
1747830266.41,0,-71.60,-557.70,1.90,7.91,0.33,-71.60,-557.70,0.00,1.69,-5.09 
1747830266.51,0,-71.41,-558.20,1.79,7.45,0.34,-71.41,-558.20,0.00,1.70,-5.09 
1747830266.71,0,-71.02,-559.24,2.13,7.19,0.37,-71.02,-559.24,0.00,1.72,-5.10 
1747830266.81,0,-70.83,-559.70,1.92,8.15,0.37,-70.83,-559.70,0.00,1.73,-5.07 
1747830267.01,0,-70.45,-560.71,1.88,7.19,0.41,-70.45,-560.71,0.00,1.75,-5.07 
1747830267.11,0,-70.27,-561.16,1.92,8.36,0.40,-70.27,-561.16,0.00,1.75,-5.05 
1747830267.21,0,-70.07,-561.65,1.91,8.36,0.39,-70.07,-561.65,0.00,1.76,-5.03 
1747830267.31,0,-69.87,-562.16,1.81,6.91,0.39,-69.87,-562.16,0.00,1.77,-5.04 
1747830267.41,0,-69.71,-562.57,1.95,8.38,0.39,-69.71,-562.57,0.00,1.77,-4.99 
1747830267.51,0,-69.52,-563.04,1.98,8.37,0.39,-69.52,-563.04,0.00,1.77,-4.98 
1747830267.71,0,-69.18,-563.96,2.06,7.40,0.51,-69.18,-563.96,0.00,1.77,-4.94 
1747830267.91,0,-68.80,-564.92,1.78,8.20,0.43,-68.80,-564.92,0.00,1.78,-4.93 
1747830268.11,0,-68.41,-565.90,1.75,7.96,0.47,-68.41,-565.90,0.00,1.80,-4.92 
1747830268.21,0,-68.21,-566.35,1.81,9.08,0.47,-68.21,-566.35,0.00,1.81,-4.90 
1747830268.41,0,-67.80,-567.36,1.65,7.99,0.42,-67.80,-567.36,0.00,1.83,-4.92 
1747830268.51,0,-67.58,-567.86,2.06,8.15,0.33,-67.58,-567.86,0.00,1.84,-4.92 
1747830268.81,0,-66.99,-569.34,2.24,7.74,0.38,-66.99,-569.34,0.00,1.86,-4.93 
1747830268.91,0,-66.77,-569.82,2.26,7.54,0.38,-66.77,-569.82,0.00,1.88,-4.92 
1747830269.01,0,-66.58,-570.27,2.11,9.56,0.38,-66.58,-570.27,0.00,1.88,-4.90 
1747830269.21,0,-66.15,-571.26,2.01,8.11,0.40,-66.15,-571.26,0.00,1.91,-4.90 
1747830269.31,0,-65.93,-571.75,1.86,8.34,0.33,-65.93,-571.75,0.00,1.92,-4.90 
1747830269.41,0,-65.72,-572.22,1.49,8.55,0.46,-65.72,-572.22,0.00,1.93,-4.90 
1747830269.61,0,-65.27,-573.24,1.85,7.55,0.46,-65.27,-573.24,0.00,1.96,-4.91 
1747830270.31,0,-63.87,-576.69,1.02,2.14,0.12,-63.87,-576.69,0.00,1.97,-4.92 
1747830270.41,0,-63.55,-577.33,1.06,2.65,0.47,-63.55,-577.33,0.00,2.02,-4.98 
1747830270.51,0,-63.30,-577.85,1.14,3.17,0.47,-63.30,-577.85,0.00,2.05,-4.99 
1747830270.71,0,-62.84,-578.75,1.26,3.59,0.48,-62.84,-578.75,0.00,2.07,-4.95 
1747830270.81,0,-62.61,-579.15,1.39,4.12,0.48,-62.61,-579.15,0.00,2.09,-4.90 
1747830270.91,0,-62.37,-579.56,1.53,4.74,0.48,-62.37,-579.56,0.00,2.10,-4.86 
1747830271.01,0,-62.15,-580.01,1.61,5.57,0.40,-62.15,-580.01,0.00,2.11,-4.84 
1747830271.31,0,-61.54,-581.36,1.67,6.64,0.44,-61.54,-581.36,0.00,2.09,-4.78 
1747830271.51,0,-61.14,-582.27,1.38,5.25,0.39,-61.14,-582.27,0.00,2.09,-4.76 
1747830271.61,0,-60.90,-582.75,1.97,7.28,0.44,-60.90,-582.75,0.00,2.10,-4.76 
1747830271.71,0,-60.68,-583.18,1.99,8.25,0.44,-60.68,-583.18,0.00,2.11,-4.73 
1747830271.91,0,-60.26,-584.05,1.89,7.12,0.43,-60.26,-584.05,0.00,2.10,-4.69 
1747830272.11,0,-59.82,-584.98,1.82,8.35,0.42,-59.82,-584.98,0.00,2.12,-4.69 
1747830272.41,0,-59.24,-586.19,1.66,9.53,0.44,-59.24,-586.19,0.00,2.09,-4.59 
1747830272.51,0,-58.97,-586.73,1.65,7.11,0.43,-58.97,-586.73,0.00,2.12,-4.63 
1747830272.61,0,-58.76,-587.19,1.63,5.79,0.43,-58.76,-587.19,0.00,2.12,-4.63 
1747830272.71,0,-58.50,-587.69,1.89,7.38,0.49,-58.50,-587.69,0.00,2.14,-4.65 
1747830272.81,0,-58.26,-588.17,1.84,7.16,0.46,-58.26,-588.17,0.00,2.16,-4.66 
1747830272.91,0,-58.05,-588.58,1.85,7.72,0.46,-58.05,-588.58,0.00,2.15,-4.63 
1747830273.01,0,-57.87,-588.97,1.60,6.97,0.39,-57.87,-588.97,0.00,2.13,-4.59 
1747830273.11,0,-57.66,-589.43,1.56,8.00,0.40,-57.66,-589.43,0.00,2.13,-4.59 
1747830273.31,0,-57.26,-590.34,1.85,8.07,0.47,-57.26,-590.34,0.00,2.12,-4.58 
1747830273.61,0,-56.64,-591.75,1.78,7.80,0.44,-56.64,-591.75,0.00,2.11,-4.60 
1747830273.71,0,-56.46,-592.19,1.70,8.09,0.44,-56.46,-592.19,0.00,2.10,-4.59 
1747830273.81,0,-56.28,-592.60,1.51,9.43,0.46,-56.28,-592.60,0.00,2.08,-4.57 
1747830273.91,0,-56.05,-593.08,1.50,7.09,0.45,-56.05,-593.08,0.00,2.09,-4.58 
1747830274.21,0,-55.47,-594.37,1.55,6.97,0.43,-55.47,-594.37,0.00,2.07,-4.54 
1747830274.41,0,-55.04,-595.35,1.40,7.37,0.46,-55.04,-595.35,0.00,2.08,-4.57 
1747830274.61,0,-54.62,-596.25,1.64,7.99,0.46,-54.62,-596.25,0.00,2.08,-4.57 
1747830274.71,0,-54.41,-596.74,1.70,7.41,0.37,-54.41,-596.74,0.00,2.08,-4.59 
1747830275.21,0,-53.45,-599.07,1.69,2.30,0.10,-53.45,-599.07,0.00,2.04,-4.60 
1747830275.31,0,-53.31,-599.49,1.49,3.72,0.33,-53.31,-599.49,0.00,2.02,-4.58 
1747830275.41,0,-53.12,-600.01,1.59,4.31,0.43,-53.12,-600.01,0.00,2.01,-4.61 
1747830275.61,0,-52.80,-600.84,1.67,5.05,0.44,-52.80,-600.84,0.00,1.97,-4.57 
1747830275.71,0,-52.71,-601.12,1.87,8.88,0.44,-52.71,-601.12,0.00,1.91,-4.48 
1747830275.81,0,-52.58,-601.49,1.80,6.89,0.44,-52.58,-601.49,0.00,1.88,-4.44 
1747830276.01,0,-52.26,-602.28,1.29,7.59,0.36,-52.26,-602.28,0.00,1.85,-4.39 
1747830276.21,0,-51.89,-603.20,1.23,8.38,0.43,-51.89,-603.20,0.00,1.86,-4.41 
1747830276.41,0,-51.49,-604.18,1.33,8.59,0.44,-51.49,-604.18,0.00,1.87,-4.46 
1747830276.61,0,-51.14,-605.03,1.19,6.96,0.44,-51.14,-605.03,0.00,1.86,-4.44 
1747830276.71,0,-51.01,-605.35,1.08,8.72,0.44,-51.01,-605.35,0.00,1.83,-4.38 
1747830276.81,0,-50.85,-605.73,1.18,6.36,0.46,-50.85,-605.73,0.00,1.82,-4.35 
1747830276.91,0,-50.71,-606.06,1.21,8.15,0.41,-50.71,-606.06,0.00,1.80,-4.30 
1747830277.01,0,-50.53,-606.47,1.11,5.07,0.41,-50.53,-606.47,0.00,1.80,-4.29 
1747830277.21,0,-50.18,-607.34,1.06,4.87,0.40,-50.18,-607.34,0.00,1.80,-4.29 
1747830277.31,0,-50.01,-607.76,1.06,5.82,0.36,-50.01,-607.76,0.00,1.79,-4.29 
1747830277.41,0,-49.84,-608.20,1.10,5.68,0.31,-49.84,-608.20,0.00,1.79,-4.29 
1747830277.91,0,-48.96,-610.31,0.83,6.46,0.39,-48.96,-610.31,0.00,1.78,-4.28 
1747830278.11,0,-48.54,-611.26,1.22,5.72,0.45,-48.54,-611.26,0.00,1.81,-4.32 
1747830278.31,0,-48.11,-612.23,1.36,6.40,0.39,-48.11,-612.23,0.00,1.84,-4.37 
1747830278.51,0,-47.70,-613.14,1.87,6.20,0.39,-47.70,-613.14,0.00,1.86,-4.39 
1747830278.71,0,-47.25,-614.16,1.86,10.06,0.40,-47.25,-614.16,0.00,1.90,-4.46 
1747830279.01,0,-46.63,-615.54,1.45,5.62,0.45,-46.63,-615.54,0.00,1.93,-4.48 
1747830279.21,0,-46.25,-616.37,1.45,6.63,0.43,-46.25,-616.37,0.00,1.92,-4.45 
1747830279.41,0,-45.86,-617.28,0.87,5.40,0.47,-45.86,-617.28,0.00,1.93,-4.46 
1747830279.51,0,-45.70,-617.65,0.88,6.91,0.40,-45.70,-617.65,0.00,1.91,-4.42 
1747830279.61,0,-45.45,-618.22,1.00,7.48,0.45,-45.45,-618.22,0.00,1.94,-4.49 
