1747830519.994,1,1,0.00,0.00,0.00,0.00,1,12.36,-730.78,0.0
1747830520.994,2,1,0.00,0.00,0.00,0.00,1,11.26,-728.89,0.0
1747830521.992,3,1,0.00,0.00,0.00,0.00,1,10.17,-727.05,0.0
1747830522.995,4,1,0.00,0.00,0.00,0.00,1,9.06,-725.20,0.0
1747830523.997,5,1,0.00,0.00,0.00,0.00,1,7.90,-723.37,0.0
1747830524.996,6,1,0.00,0.00,0.00,0.00,1,6.64,-721.53,0.0
1747830525.993,7,1,0.00,0.00,0.00,0.00,1,5.27,-719.46,0.0
1747830526.994,8,1,0.00,0.00,0.00,0.00,1,3.80,-717.07,0.0
1747830528.007,9,1,0.00,0.00,0.00,0.00,1,2.19,-714.25,0.0
1747830528.991,10,1,0.00,0.00,0.00,0.00,1,0.36,-711.31,0.0
1747830529.993,11,1,0.00,0.00,0.00,0.00,1,-1.74,-708.39,0.0
1747830530.993,12,1,0.00,0.00,0.00,0.00,1,-3.92,-705.38,0.0
1747830531.995,13,1,0.00,0.00,0.00,0.00,1,-6.10,-702.11,0.0
1747830532.991,14,1,0.00,0.00,0.00,0.00,1,-8.50,-698.72,0.0
1747830533.993,15,1,0.00,0.00,0.00,0.00,1,-11.06,-695.07,0.0
1747830534.993,16,1,0.00,0.00,0.00,0.00,1,-13.81,-691.20,0.0
1747830535.993,17,1,0.00,0.00,0.00,0.00,1,-16.74,-687.08,0.0
1747830536.992,18,1,0.00,0.00,0.00,0.00,1,-20.02,-682.91,0.0
1747830537.992,19,1,0.00,0.00,0.00,0.00,1,-23.44,-678.87,0.0
1747830538.991,20,1,0.00,0.00,0.00,0.00,1,-26.71,-674.91,0.0
1747830539.992,21,1,0.00,0.00,0.00,0.00,1,-29.73,-670.99,0.0
1747830540.993,22,1,0.00,0.00,0.00,0.00,1,-32.62,-667.28,0.0
1747830541.992,23,1,0.00,0.00,0.00,0.00,1,-35.41,-663.63,0.0
1747830542.99,24,1,0.00,0.00,0.00,0.00,1,-38.13,-660.03,0.0
1747830543.993,25,1,0.00,0.00,0.00,0.00,1,-40.85,-656.51,0.0
1747830544.99,26,1,0.00,0.00,0.00,0.00,1,-43.67,-653.09,0.0
1747830545.992,27,1,0.00,0.00,0.00,0.00,1,-46.53,-649.65,0.0
1747830546.988,28,1,0.00,0.00,0.00,0.00,1,-49.35,-646.16,0.0
1747830547.995,29,1,0.00,0.00,0.00,0.00,1,-52.28,-642.41,0.0
1747830548.993,30,1,0.00,0.00,0.00,0.00,1,-55.36,-638.38,0.0
1747830549.992,31,1,0.00,0.00,0.00,0.00,1,-58.66,-633.99,0.0
1747830550.989,32,1,0.00,0.00,0.00,0.00,1,-62.23,-629.25,0.0
1747830551.994,33,1,0.00,0.00,0.00,0.00,1,-66.12,-624.30,0.0
1747830552.996,34,1,0.00,0.00,0.00,0.00,1,-70.12,-619.30,0.0
1747830553.993,35,1,0.00,0.00,0.00,0.00,1,-74.19,-614.35,0.0
1747830554.992,36,1,0.00,0.00,0.00,0.00,1,-78.24,-609.47,0.0
1747830555.993,37,1,0.00,0.00,0.00,0.00,1,-82.16,-604.71,0.0
1747830556.996,38,1,0.00,0.00,0.00,0.00,1,-85.86,-600.03,0.0
1747830557.993,39,1,0.00,0.00,0.00,0.00,1,-89.39,-595.49,0.0
1747830558.993,40,1,0.00,0.00,0.00,0.00,1,-92.72,-591.12,0.0
1747830559.995,41,1,0.00,0.00,0.00,0.00,1,-95.85,-586.87,0.0
1747830560.993,42,1,0.00,0.00,0.00,0.00,1,-98.83,-582.70,0.0
1747830561.994,43,1,0.00,0.00,0.00,0.00,1,-101.68,-578.57,0.0
1747830562.993,44,1,0.00,0.00,0.00,0.00,1,-104.47,-574.50,0.0
1747830563.998,45,1,0.00,0.00,0.00,0.00,1,-107.26,-570.45,0.0
1747830564.996,46,1,0.00,0.00,0.00,0.00,1,-110.03,-566.32,0.0
1747830565.998,47,1,0.00,0.00,0.00,0.00,1,-112.81,-562.18,0.0
1747830566.994,48,1,0.00,0.00,0.00,0.00,1,-115.51,-557.94,0.0
1747830567.999,49,1,0.00,0.00,0.00,0.00,1,-118.13,-553.62,0.0
1747830568.99,50,1,0.00,0.00,0.00,0.00,1,-120.59,-549.25,0.0
1747830569.998,51,1,0.00,0.00,0.00,0.00,1,-122.76,-544.70,0.0
1747830570.995,52,1,0.00,0.00,0.00,0.00,1,-124.53,-540.01,0.0
1747830571.996,53,1,0.00,0.00,0.00,0.00,1,-125.99,-535.20,0.0
1747830572.992,54,1,0.00,0.00,0.00,0.00,1,-127.32,-530.33,0.0
1747830573.996,55,1,0.00,0.00,0.00,0.00,1,-128.62,-525.44,0.0
1747830574.994,56,1,0.00,0.00,0.00,0.00,1,-129.81,-520.48,0.0
1747830575.998,57,1,0.00,0.00,0.00,0.00,1,-130.86,-515.46,0.0
1747830576.994,58,1,0.00,0.00,0.00,0.00,1,-131.63,-510.28,0.0
1747830577.995,59,1,0.00,0.00,0.00,0.00,1,-132.36,-505.10,0.0
1747830578.994,60,1,0.00,0.00,0.00,0.00,1,-132.96,-499.86,0.0
1747830579.991,61,1,0.00,0.00,0.00,0.00,1,-133.51,-494.58,0.0
1747830580.992,62,1,0.00,0.00,0.00,0.00,1,-133.96,-489.29,0.0
1747830581.996,63,1,0.00,0.00,0.00,0.00,1,-134.41,-483.95,0.0
1747830582.994,64,1,0.00,0.00,0.00,0.00,1,-134.85,-478.56,0.0
1747830583.994,65,1,0.00,0.00,0.00,0.00,1,-135.25,-473.11,0.0
1747830584.994,66,1,0.00,0.00,0.00,0.00,1,-135.61,-467.57,0.0
1747830585.993,67,1,0.00,0.00,0.00,0.00,1,-135.86,-462.10,0.0
1747830586.991,68,1,0.00,0.00,0.00,0.00,1,-136.00,-456.70,0.0
1747830588.008,69,1,0.00,0.00,0.00,0.00,1,-135.95,-451.39,0.0
1747830588.993,70,1,0.00,0.00,0.00,0.00,1,-135.76,-446.19,0.0
1747830589.995,71,1,0.00,0.00,0.00,0.00,1,-135.52,-441.15,0.0
1747830590.991,72,1,0.00,0.00,0.00,0.00,1,-135.24,-436.28,0.0
1747830591.993,73,1,0.00,0.00,0.00,0.00,1,-134.92,-431.58,0.0
1747830592.992,74,1,0.00,0.00,0.00,0.00,1,-134.62,-427.04,0.0
1747830593.993,75,1,0.00,0.00,0.00,0.00,1,-134.45,-422.68,0.0
1747830594.993,76,1,0.00,0.00,0.00,0.00,1,-134.37,-418.41,0.0
1747830595.992,77,1,0.00,0.00,0.00,0.00,1,-134.26,-414.21,0.0
1747830596.993,78,1,0.00,0.00,0.00,0.00,1,-134.15,-409.95,0.0
1747830597.987,79,1,0.00,0.00,0.00,0.00,1,-134.02,-405.72,0.0
1747830598.99,80,1,0.00,0.00,0.00,0.00,1,-133.91,-401.48,0.0
1747830599.993,81,1,0.00,0.00,0.00,0.00,1,-133.81,-397.21,0.0
1747830600.992,82,1,0.00,0.00,0.00,0.00,1,-133.70,-392.90,0.0
1747830601.995,83,1,0.00,0.00,0.00,0.00,1,-133.67,-388.59,0.0
1747830602.992,84,1,0.00,0.00,0.00,0.00,1,-133.70,-384.33,0.0
